$SPEC_ID:
No sample description was entered.
$SPEC_REM:
DET# 13
DETDESC# LAPTOP-C2JD5040 MCB 129
AP# Maestro Version 7.01
$DATE_MEA:
02/27/2023 11:37:30
$MEAS_TIM:
278 301
$DATA:
0 2047
       0
       0
       0
       0
       0
       0
       0
       0
       0
       0
       0
       0
       0
       0
       0
       0
       0
       0
       0
       0
       0
       0
       0
       0
       0
       0
       0
       0
     285
   10243
   31707
   25564
   20011
   14890
   10792
    7859
    5700
    4431
    3464
    3039
    2797
    2810
    2848
    2884
    3030
    3023
    3061
    3087
    3149
    3114
    3302
    3418
    3453
    3724
    3865
    3986
    4362
    4770
    5083
    5854
    6653
    7734
    8735
    9837
   10976
   12125
   13033
   13416
   13905
   13474
   13300
   12772
   11733
   11084
   10227
    9121
    8265
    7501
    6547
    5756
    5066
    4408
    3779
    3274
    2849
    2584
    2253
    2195
    2050
    2025
    2029
    1964
    2116
    2053
    2168
    2174
    2150
    2179
    2124
    2011
    2087
    1937
    1949
    1893
    1829
    1829
    1795
    1696
    1689
    1680
    1582
    1543
    1517
    1502
    1475
    1498
    1495
    1446
    1503
    1510
    1615
    1609
    1594
    1561
    1622
    1639
    1640
    1654
    1715
    1716
    1707
    1692
    1744
    1783
    1671
    1760
    1725
    1664
    1636
    1753
    1700
    1656
    1646
    1642
    1557
    1555
    1556
    1486
    1448
    1521
    1495
    1383
    1459
    1403
    1417
    1424
    1403
    1376
    1315
    1365
    1326
    1278
    1287
    1258
    1192
    1223
    1222
    1206
    1146
    1192
    1161
    1106
    1157
    1134
    1085
    1095
    1100
    1070
    1051
    1064
     975
    1044
    1013
     959
     927
     888
     892
     933
     903
     952
     898
     902
     903
     940
     831
     871
     903
     832
     885
     915
     925
     845
    1002
     963
     935
     960
     948
     964
     997
    1064
    1160
    1134
    1256
    1311
    1237
    1376
    1396
    1432
    1601
    1554
    1585
    1650
    1706
    1801
    1855
    1945
    2020
    2031
    2055
    2265
    2200
    2225
    2374
    2361
    2351
    2366
    2455
    2520
    2665
    2734
    2619
    2676
    2711
    2727
    2670
    2654
    2650
    2686
    2689
    2600
    2662
    2695
    2472
    2466
    2515
    2431
    2306
    2228
    2453
    2429
    2409
    2323
    2433
    2602
    2628
    2740
    2861
    3051
    3164
    3287
    3516
    3681
    3798
    4003
    4329
    4462
    4719
    4903
    5149
    5268
    5511
    5618
    5845
    6024
    5993
    6085
    6154
    6246
    6159
    6214
    6139
    6117
    6073
    5700
    5680
    5688
    5495
    5318
    5027
    4869
    4649
    4370
    4272
    3975
    3857
    3588
    3529
    3215
    2972
    2965
    2747
    2654
    2466
    2342
    2263
    2057
    1941
    1941
    1790
    1791
    1588
    1481
    1443
    1272
    1213
    1203
    1147
    1083
    1017
     878
     923
     890
     769
     732
     774
     679
     659
     595
     580
     590
     560
     521
     501
     503
     532
     508
     512
     448
     458
     460
     458
     420
     456
     445
     431
     415
     442
     463
     398
     409
     414
     404
     405
     352
     369
     389
     366
     351
     348
     316
     337
     299
     273
     264
     215
     232
     238
     235
     210
     216
     188
     173
     175
     183
     209
     144
     133
     173
     159
     149
     136
     128
     143
     111
     129
     105
     103
     113
     106
     111
     104
     106
     116
     120
     116
     111
     107
     100
     102
     112
     110
      97
      88
      89
      99
      82
      92
      84
      89
      87
      94
      72
      62
      81
      88
      74
      84
      74
      91
      90
      96
      81
      93
      97
      87
      72
      66
      74
      94
      75
      80
     104
      81
      77
      72
      75
      89
      75
      92
      62
      70
      89
      67
      77
      88
      82
      83
      91
      99
      83
      72
      80
      87
      73
      80
      76
      75
      76
      83
      77
      83
      86
      75
      99
      79
      82
      91
      89
      80
      80
      71
      70
      66
      83
      87
      79
      63
      75
      76
      87
      78
      62
      74
      69
      61
      87
      90
      69
      63
      63
      58
      64
      66
      63
      54
      55
      65
      61
      47
      55
      62
      59
      56
      51
      62
      55
      60
      55
      54
      47
      54
      54
      68
      60
      50
      44
      54
      47
      56
      57
      49
      55
      47
      56
      50
      50
      66
      43
      53
      44
      41
      44
      42
      48
      51
      57
      42
      42
      38
      40
      43
      42
      37
      48
      43
      40
      44
      45
      44
      35
      45
      41
      50
      32
      38
      46
      41
      46
      36
      45
      41
      46
      57
      39
      49
      33
      33
      55
      43
      33
      43
      49
      50
      38
      46
      44
      45
      39
      34
      38
      42
      47
      41
      38
      39
      33
      50
      31
      38
      39
      35
      33
      35
      36
      38
      31
      37
      37
      40
      29
      34
      46
      40
      34
      31
      43
      46
      32
      34
      30
      39
      32
      28
      31
      30
      32
      25
      25
      45
      34
      30
      34
      35
      20
      40
      31
      29
      25
      35
      26
      27
      33
      29
      22
      32
      33
      30
      29
      32
      25
      29
      29
      21
      25
      27
      28
      35
      34
      27
      24
      22
      14
      19
      25
      25
      25
      29
      28
      20
      30
      23
      34
      24
      34
      28
      26
      31
      30
      29
      37
      23
      31
      30
      22
      25
      28
      37
      28
      30
      26
      16
      34
      27
      25
      29
      29
      32
      25
      17
      30
      37
      23
      20
      33
      28
      28
      22
      27
      19
      24
      30
      29
      27
      38
      34
      30
      28
      21
      26
      32
      20
      34
      25
      27
      39
      24
      27
      40
      25
      30
      26
      26
      27
      23
      28
      36
      37
      29
      30
      24
      30
      27
      28
      20
      28
      35
      19
      25
      27
      28
      34
      28
      18
      29
      27
      22
      27
      27
      21
      23
      36
      24
      35
      16
      29
      26
      17
      23
      28
      20
      23
      18
      20
      22
      31
      19
      26
      22
      19
      18
      14
      22
      13
      22
      15
      22
      32
      28
      21
      25
      18
      19
      10
      26
      22
      13
      17
      20
      22
      24
      17
      29
      19
      20
      19
      13
      16
      22
      21
      29
      21
      19
      16
       9
      18
      10
      22
      13
      20
      17
      16
      18
      18
      15
      18
      20
      32
      18
      16
      20
      17
      12
      20
      12
      19
      16
      24
      18
      17
      14
      23
      14
      24
      15
      18
      21
      30
      17
      18
      11
      23
      17
      19
      19
      17
      25
      24
      17
      21
      17
      20
      29
      27
      18
      23
      22
      26
      29
      22
      20
      12
      22
      25
      18
      23
      15
      22
      15
      12
      23
      24
      26
      15
      16
      19
      21
      21
      10
      20
      23
      26
      13
      18
      17
      15
      20
      21
       6
      24
      11
      14
      22
      26
      19
      26
       6
      19
      22
      15
      16
      19
      21
      22
      11
      10
      14
      15
      12
      15
      11
      17
      17
      22
      15
      16
      13
      18
      13
      18
      20
       9
      11
      16
      17
      18
      13
       9
      11
      14
      13
      14
      16
      12
       8
      13
      13
       9
      14
      18
      19
       9
      13
      16
      12
      25
      13
      23
      15
      20
      18
      16
      17
       8
      11
      15
      12
      11
      10
      19
      18
      12
      13
      10
      12
      17
      11
      11
      12
      10
      16
      12
       7
      10
      10
       9
      16
      11
      11
      13
      12
      10
      13
       9
      13
       9
       8
      11
      11
      10
       9
      13
      11
      16
      19
      16
       6
      10
       9
      21
      16
       7
       9
      10
      19
      13
       9
       6
      10
      13
       5
      11
      21
      11
      16
      11
      13
      12
       9
      10
       8
      14
       6
      22
      17
       9
       8
       9
      15
      10
       6
      10
      14
       9
       8
      12
      14
      12
       9
      14
      11
       5
      13
      11
       8
      10
      10
       9
      14
      12
      10
      11
      11
      14
       6
      15
      10
       9
       8
      17
      14
      10
      18
      12
      10
      21
      12
      20
      11
      17
      13
      19
       8
      11
       8
      15
      18
      19
      12
      15
      22
      15
      23
      20
      25
      19
      10
      21
      32
      29
      32
      27
      23
      25
      23
      26
      16
      31
      25
      21
      22
      32
      31
      25
      23
      28
      35
      22
      28
      23
      28
      26
      24
      31
      30
      25
      25
      29
      31
      22
      32
      26
      21
      20
      26
      31
      27
      29
      24
      32
      20
      23
      21
      18
      28
      21
      20
      22
      24
      23
      25
      19
      20
      23
      18
      29
      21
      17
      22
      16
      15
      13
      18
      22
      11
      23
      23
      12
      15
       7
      10
      13
       8
      17
      12
      15
       9
      11
      11
      16
      14
       4
       8
      12
       6
       6
      10
       9
      10
       6
       6
       6
       7
       7
       7
      11
       8
       7
       8
       6
       9
       6
      11
       8
       6
       6
       7
       5
       3
       5
       6
       1
       6
       3
       2
       5
       4
       2
       7
       6
       4
       6
       3
       1
       5
       3
       4
       3
       4
       6
       3
       3
       5
       5
       5
       4
       2
       3
       2
       2
       3
       6
       6
       4
       4
       1
       2
       4
       5
       6
       5
       3
       3
       3
       1
       5
       4
       3
       5
       3
       6
       5
       6
       4
       1
       6
       4
       3
       1
       3
       3
       4
       3
       6
       4
       1
       3
       2
       3
       2
       6
       2
       2
       3
       3
       5
       1
       6
       4
       2
       5
       4
       4
       3
       2
       6
       4
       5
       3
       6
       4
       6
       4
       3
       1
       4
       1
       5
       3
       4
       3
       5
       5
       2
       5
       2
       3
       3
       3
       4
       3
       2
       6
       1
       3
       4
       6
       6
       1
       4
       2
       4
       6
       4
       5
       2
       3
       3
       6
       4
       2
       3
       4
       4
       6
       3
       6
       3
       5
       3
       1
       5
       4
       6
       5
       5
       8
       4
       3
       5
       3
       7
       7
       6
       2
       5
       5
       3
       6
       2
       6
       3
       4
       5
       1
       3
       6
       3
       2
       2
       8
       3
       5
       1
       5
       6
       1
       3
       5
       4
       3
       4
       6
       2
       4
       3
       2
       7
       2
       5
       3
       5
       7
       4
       4
       3
       3
       4
       2
       2
       7
       2
       2
       1
       1
       2
       6
       3
       4
       3
       4
       2
       0
       1
       3
       0
       2
       1
       4
       3
       3
       4
       4
       2
       6
       2
       2
       2
       2
       3
       5
       4
       2
       2
       4
       1
       2
       4
       3
       5
       1
       2
       1
       4
       0
       1
       2
       2
       2
       3
       0
       3
       1
       2
       0
       1
       1
       2
       0
       1
       2
       1
       3
       3
       2
       1
       5
       1
       2
       0
       1
       1
       1
       1
       2
       2
       2
       2
       3
       3
       5
       2
       3
       1
       4
       1
       3
       1
       4
       0
       2
       0
       3
       5
       1
       1
       1
       2
       2
       1
       0
       2
       4
       1
       1
       4
       2
       1
       2
       1
       4
       1
       0
       3
       2
       0
       3
       1
       2
       1
       3
       1
       2
       1
       2
       3
       1
       1
       1
       1
       0
       1
       2
       3
       1
       2
       1
       0
       2
       0
       3
       2
       2
       0
       1
       2
       0
       0
       2
       3
       3
       2
       1
       3
       0
       2
       5
       3
       1
       4
       5
       2
       4
       2
       2
       4
       3
       2
       5
       3
       0
       1
       4
       0
       1
       1
       1
       3
       2
       2
       2
       0
       1
       0
       1
       4
       3
       3
       1
       6
       2
       2
       3
       3
       1
       1
       3
       1
       2
       4
       3
       2
       1
       1
       4
       2
       4
       1
       4
       5
       3
       0
       4
       2
       1
       3
       2
       1
       2
       4
       4
       1
       3
       3
       7
       1
       2
       6
       4
       0
       2
       1
       1
       3
       0
       2
       1
       1
       5
       0
       3
       3
       2
       2
       1
       2
       3
       3
       2
       4
       1
       2
       2
       4
       2
       5
       3
       1
       2
       2
       3
       2
       3
       2
       3
       2
       3
       2
       2
       2
       2
       2
       2
       4
       4
       1
       1
       1
       2
       1
       2
       0
       3
       0
       2
       1
       2
       1
       4
       6
       2
       0
       3
       1
       1
       2
       0
       1
       3
       2
       3
       3
       0
       1
       0
       5
       3
       4
       2
       0
       2
       1
       3
       3
       4
       2
       0
       0
       2
       1
       2
       3
       4
       1
       1
       2
       3
       4
       0
       1
       1
       1
       1
       1
       1
       2
       2
       4
       1
       1
       3
       1
       2
       2
       1
       1
       4
       0
       2
       1
       1
       2
       1
       2
       0
       1
       1
       2
       2
       3
       0
       1
       3
       0
       1
       2
       2
       0
       1
       2
       3
       1
       3
       3
       1
       0
       0
       2
       0
       2
       0
       3
       0
       2
       0
       2
       2
       1
       0
       0
       2
       1
       1
       2
       2
       0
       1
       1
       0
       0
       0
       1
       0
       0
       1
       0
       0
       0
       1
       0
       2
       0
       1
       1
       2
       1
       2
       0
       1
       0
       2
       4
       1
       2
       2
       1
       3
       1
       0
       2
       2
       0
       0
       1
       0
       0
       2
       0
       0
       1
       1
       0
       0
       0
       1
       1
       2
       2
       0
       0
       0
       2
       1
       2
       0
       1
       3
       1
       1
       2
       0
       3
       0
       1
       2
       3
       1
       0
       0
       0
       0
       2
       0
       1
       1
       2
       0
       0
       1
       3
       0
       1
       1
       0
       1
       0
       1
       2
       4
       0
       0
       0
       1
       2
       2
       0
       0
       1
       0
       0
       1
       0
       3
       2
       0
       2
       0
       0
       1
       0
       2
       2
       2
       1
       0
       0
       0
       0
       1
       0
       2
       2
       1
       2
       1
       0
       1
       0
       1
       3
       1
       2
       4
       1
       1
       3
       1
       2
       2
       4
       2
       3
       3
       6
       2
       0
       1
       1
       1
       1
       5
       1
       0
       1
       2
       1
       2
       3
       4
       2
       2
       1
       5
       4
       4
       3
       1
       2
       3
       5
       6
       3
       0
       5
       1
       1
       1
       5
       2
       2
       2
       6
       2
       1
       2
       1
       6
       0
       4
       4
       8
       3
       2
       8
       1
       7
       5
       0
       3
       2
       5
       5
       1
       6
       7
       2
       7
       0
       0
       0
       0
       0
       0
       0
       0
       0
       0
       0
       0
       0
       0
       0
       0
       0
       0
       0
       0
       0
       0
       0
       0
       0
       0
       0
       0
       0
       0
       0
       0
$ROI:
0
$PRESETS:
Live Time
1200
0
$ENER_FIT:
-2.217395 6.913043
$MCA_CAL:
3
-2.217395E+000 6.913043E+000 0.000000E+000 keV
$SHAPE_CAL:
3
0.000000E+000 0.000000E+000 0.000000E+000
