$SPEC_ID:
No sample description was entered.
$SPEC_REM:
DET# 13
DETDESC# LAPTOP-C2JD5040 MCB 129
AP# Maestro Version 7.01
$DATE_MEA:
02/27/2023 11:44:01
$MEAS_TIM:
297 300
$DATA:
0 2047
       0
       0
       0
       0
       0
       0
       0
       0
       0
       0
       0
       0
       0
       0
       0
       0
       0
       0
       0
       0
       0
       0
       0
       0
       0
       0
       0
       0
       1
      59
     233
     227
     250
     256
     228
     258
     270
     265
     296
     303
     326
     368
     360
     400
     415
     452
     461
     476
     512
     518
     522
     610
     641
     616
     672
     610
     737
     791
     690
     822
     813
     792
     864
     842
     800
     890
     876
     865
     856
     843
     921
     896
     939
     966
     904
     857
     886
     873
     869
     853
     879
     826
     867
     817
     857
     802
     797
     775
     827
     811
     782
     774
     854
     761
     736
     733
     749
     726
     779
     711
     772
     750
     691
     710
     673
     696
     675
     719
     691
     665
     659
     650
     606
     654
     619
     637
     551
     600
     597
     618
     593
     571
     585
     598
     604
     539
     563
     540
     540
     540
     499
     493
     526
     497
     483
     496
     475
     482
     484
     435
     433
     473
     476
     441
     463
     453
     426
     432
     401
     432
     428
     387
     452
     441
     410
     424
     368
     398
     360
     371
     377
     362
     349
     403
     343
     386
     310
     357
     341
     338
     336
     331
     357
     331
     338
     357
     341
     312
     353
     307
     331
     351
     331
     291
     298
     313
     285
     286
     348
     356
     305
     341
     290
     301
     323
     286
     283
     302
     260
     257
     289
     270
     265
     289
     232
     244
     247
     257
     264
     202
     237
     208
     225
     213
     224
     202
     227
     207
     207
     219
     189
     222
     196
     204
     180
     200
     186
     186
     176
     203
     162
     192
     163
     170
     176
     174
     170
     161
     166
     174
     199
     169
     159
     148
     184
     151
     158
     147
     175
     179
     170
     173
     178
     132
     147
     141
     148
     142
     139
     139
     146
     142
     130
     143
     131
     138
     139
     129
     144
     121
     144
     132
     134
     127
     142
     139
     150
     134
     138
     138
     116
     143
     138
     135
     137
     118
     120
     119
     128
     115
     106
     140
     110
     125
     109
     116
     110
     115
     120
     102
      95
      99
     103
      96
      76
     115
      79
      88
      88
      78
      81
      81
     103
      82
      76
      84
      71
      82
      88
      85
      84
      82
      89
      85
      84
      79
      94
      81
      77
      67
      69
      66
      73
      80
      74
      75
      74
      67
      66
      54
      45
      39
      84
      61
      74
      75
      65
      86
      81
      87
      75
      81
      75
      64
      73
      66
      67
      67
      65
      64
      57
      67
      61
      45
      66
      63
      62
      61
      52
      58
      61
      66
      53
      66
      47
      62
      56
      62
      64
      60
      51
      62
      67
      64
      74
      53
      58
      56
      58
      63
      61
      56
      51
      53
      54
      65
      60
      56
      61
      71
      59
      59
      48
      59
      56
      59
      47
      52
      58
      49
      70
      57
      52
      58
      82
      45
      70
      54
      61
      51
      56
      56
      54
      43
      61
      51
      48
      52
      65
      52
      49
      70
      60
      46
      56
      41
      55
      49
      36
      55
      52
      48
      54
      53
      62
      54
      56
      66
      63
      53
      57
      58
      45
      50
      58
      67
      42
      58
      67
      61
      50
      59
      63
      55
      60
      65
      68
      58
      51
      74
      58
      67
      58
      65
      54
      66
      70
      42
      64
      60
      51
      62
      53
      59
      58
      65
      46
      54
      61
      56
      47
      39
      60
      49
      45
      38
      51
      40
      39
      36
      39
      31
      44
      45
      36
      38
      46
      53
      37
      44
      35
      38
      25
      40
      31
      34
      44
      33
      40
      42
      30
      36
      37
      26
      29
      30
      34
      31
      26
      31
      33
      36
      28
      23
      30
      28
      32
      18
      39
      29
      34
      26
      33
      20
      33
      25
      27
      22
      25
      26
      27
      29
      32
      27
      25
      26
      25
      33
      27
      27
      21
      20
      31
      23
      30
      28
      30
      32
      32
      17
      22
      24
      29
      33
      23
      34
      31
      31
      23
      22
      30
      30
      26
      16
      25
      24
      25
      28
      23
      28
      29
      24
      27
      25
      27
      29
      24
      21
      24
      27
      32
      23
      28
      28
      27
      26
      37
      25
      24
      26
      21
      22
      28
      26
      24
      22
      26
      25
      28
      21
      20
      29
      26
      32
      21
      24
      17
      28
      20
      19
      18
      24
      16
      35
      22
      25
      38
      19
      25
      27
      25
      27
      25
      22
      17
      20
      24
      23
      35
      23
      20
      22
      22
      24
      13
      25
      18
      18
      30
      22
      18
      31
      20
      21
      25
      20
      29
      17
      12
      21
      23
      21
      21
      25
      25
      26
      35
      19
      23
      19
      35
      25
      23
      24
      23
      18
      20
      27
      22
      24
      26
      18
      31
      28
      21
      28
      19
      23
      28
      20
      25
      38
      22
      19
      31
      22
      25
      29
      34
      15
      36
      28
      27
      28
      26
      28
      25
      20
      27
      27
      24
      27
      20
      24
      24
      26
      25
      20
      28
      25
      32
      24
      30
      29
      25
      19
      19
      28
      19
      24
      20
      27
      28
      18
      22
      26
      18
      28
      27
      29
      21
      21
      25
      27
      23
      18
      28
      20
      18
      23
      21
      15
      23
      23
      25
      23
      20
      15
      26
      18
      24
      25
      19
      20
      10
      16
      19
      17
      16
      19
      18
      21
      13
      15
      13
      16
      18
      26
      15
      13
      23
      15
      14
      13
      10
      19
      19
      18
      15
      15
      11
      18
      15
       9
      18
      19
      12
      15
      16
      28
      15
      21
      16
      19
      18
      25
      15
      17
      11
      19
      14
       9
      24
      15
      24
      15
      19
      19
      16
      14
      21
      23
      18
      15
      17
      20
      20
      13
      17
      16
      13
      13
      16
      15
       9
      14
      14
      14
      17
      13
      13
      19
      15
      22
      19
      18
      18
      13
      25
      16
      15
      15
      17
      17
      22
      13
      24
      14
      14
      10
      15
      14
      14
      15
      18
      18
      14
      14
      21
      18
      16
      12
      19
      12
      16
      12
      20
      19
      23
      11
      15
      15
      19
      20
      19
      13
      14
      13
      13
      13
      19
      14
      16
      13
      14
      10
      15
      11
      23
      13
      13
      14
      16
      18
      18
      12
      21
      13
      17
      17
      13
       9
      10
      12
       8
      14
      10
      14
      13
      16
      11
      11
      15
      12
      17
      13
       6
      12
      16
      10
      10
      19
       8
      18
       6
      12
       8
       9
      13
      12
      14
      11
      17
      11
       7
      13
      11
       8
      10
       7
      16
      10
       1
       9
      11
      15
       5
      10
      15
       6
      13
       7
       9
       6
       8
       7
      14
       8
      10
       7
       6
       6
       8
      10
      11
      12
      10
       6
       3
      13
      10
       9
       6
      12
       3
      10
       8
       8
      11
       7
      10
       7
       7
      12
       7
       7
      12
      13
       7
       8
       9
      10
       8
       7
       4
       7
      10
       7
       7
       6
       3
      11
       6
       8
      10
       6
       4
       6
      12
       8
       7
       6
       7
       6
       8
       3
      12
      12
       6
       5
       9
       8
      10
       9
       7
       9
       2
       9
      14
       9
      11
       7
      10
      10
      10
       9
       7
       7
       8
       4
       7
       5
       6
      11
      11
       8
      10
      12
      11
      12
      14
      12
      11
       7
      10
      13
      17
      13
      10
      16
      19
      15
      16
      20
      19
      18
      11
      21
      27
      17
      15
      15
      14
      22
      15
      16
      20
      18
      17
      23
      27
      14
      19
      23
      21
      19
      30
      25
      19
      31
      29
      19
      31
      35
      25
      28
      35
      32
      20
      31
      36
      26
      40
      28
      25
      40
      25
      24
      31
      43
      29
      38
      27
      25
      21
      30
      19
      28
      32
      23
      22
      21
      25
      23
      21
      22
      12
      28
      31
      20
      27
      26
      13
      22
      19
      21
      27
      25
      20
      13
      15
      17
      20
      20
      15
      17
      18
      21
      16
      17
      13
      14
      11
      12
      14
      13
       8
      10
      13
      15
       6
      11
       7
      15
      10
       5
      13
       7
       5
      10
       4
       7
       6
       8
       6
       6
       4
       9
       2
       6
       7
       7
       3
       3
       7
       4
       4
       5
       4
       3
      10
       2
       7
       6
       4
       7
       4
       2
       3
       3
       2
       4
       3
       4
       3
       4
       3
       1
       5
       4
       5
       3
       3
       1
       7
       4
       3
       4
       3
       1
       6
       0
       3
       5
       7
       3
       0
      10
       5
       7
       3
       6
       7
       3
       5
       6
       4
       4
       7
       6
       4
       2
       1
       1
       3
       2
       3
       3
       4
       3
       5
       1
       3
       3
       3
       1
       1
       4
       2
       1
       4
       3
       4
       5
       3
       5
       4
       4
       2
       1
       0
       4
       1
       3
       5
       4
       3
       5
       1
       2
       5
       4
       4
       6
       2
       4
       3
       2
       3
       2
       5
       3
       4
       5
       2
       4
       3
       3
       3
       4
       7
       1
       2
       2
       3
       5
       1
       2
       1
       5
       6
       2
       3
       5
       5
       6
       5
       2
       2
       1
       4
       8
       3
       1
       3
       6
       5
       6
       6
       2
       4
       8
       4
       2
       4
       1
       7
       2
       4
       4
       3
       5
       7
       4
       3
       2
       3
       6
       5
       2
       5
       3
       4
       2
       5
       2
       1
       3
       4
       2
       5
       3
       7
       2
       4
       5
       8
       2
       5
       5
       7
       3
       6
       3
       2
       2
       5
       3
       4
       4
       4
       2
       5
       7
       9
       1
       3
       1
       3
       3
       1
       4
       0
       4
       4
       3
       3
       0
       4
       1
       4
       2
       0
       0
       2
       3
       1
       2
       1
       1
       4
       2
       4
       2
       3
       3
       0
       0
       3
       0
       4
       1
       7
       3
       5
       2
       1
       1
       5
       2
       4
       2
       5
       4
       1
       3
       0
       1
       1
       2
       6
       1
       0
       2
       3
       0
       1
       0
       2
       2
       2
       2
       3
       4
       2
       2
       1
       0
       1
       0
       6
       3
       0
       3
       3
       1
       1
       0
       1
       3
       2
       2
       3
       1
       1
       0
       2
       2
       0
       3
       1
       1
       2
       0
       1
       1
       0
       3
       4
       3
       1
       0
       3
       0
       0
       1
       1
       8
       1
       2
       0
       1
       3
       1
       1
       0
       2
       0
       2
       4
       3
       1
       2
       3
       2
       3
       2
       0
       3
       3
       1
       1
       1
       2
       0
       5
       3
       1
       2
       3
       1
       0
       1
       3
       2
       1
       4
       2
       0
       0
       5
       3
       1
       3
       6
       0
       2
       1
       1
       0
       0
       3
       0
       3
       2
       0
       0
       2
       1
       1
       0
       1
       1
       3
       3
       1
       3
       1
       3
       4
       3
       4
       3
       1
       3
       1
       4
       1
       0
       3
       2
       1
       5
       0
       8
       1
       0
       2
       3
       5
       0
       2
       2
       4
       3
       4
       4
       4
       6
       2
       4
       2
       4
       6
       3
       0
       2
       2
       6
       1
       2
       1
       4
       4
       4
       3
       2
       2
       0
       2
       2
       4
       6
       4
       1
       1
       6
       2
       1
       2
       3
       2
       3
       5
       2
       3
       0
       2
       2
       1
       1
       3
       1
       6
       2
       1
       4
       3
       2
       4
       2
       1
       1
       1
       1
       3
       5
       1
       1
       3
       2
       2
       1
       2
       2
       2
       8
       4
       2
       2
       2
       1
       3
       4
       2
       1
       3
       5
       3
       1
       2
       2
       2
       3
       2
       1
       1
       3
       5
       3
       0
       1
       2
       0
       1
       3
       2
       2
       4
       1
       2
       3
       1
       4
       1
       3
       3
       0
       2
       2
       3
       0
       2
       1
       2
       2
       3
       1
       1
       1
       3
       0
       3
       0
       2
       3
       0
       6
       3
       0
       3
       3
       0
       1
       3
       4
       1
       0
       2
       3
       1
       0
       2
       3
       0
       0
       1
       2
       2
       1
       1
       2
       0
       1
       0
       1
       2
       3
       3
       0
       1
       0
       2
       1
       3
       1
       3
       1
       0
       3
       1
       1
       0
       2
       1
       1
       0
       1
       1
       1
       0
       2
       1
       2
       2
       2
       0
       1
       1
       1
       1
       1
       1
       1
       1
       0
       1
       1
       1
       1
       0
       0
       0
       1
       1
       3
       1
       0
       1
       1
       4
       0
       1
       0
       0
       2
       1
       1
       0
       0
       0
       0
       0
       0
       4
       1
       0
       0
       0
       1
       0
       0
       1
       1
       2
       0
       1
       0
       0
       0
       0
       0
       0
       0
       0
       1
       0
       1
       1
       0
       1
       1
       1
       2
       0
       1
       1
       0
       1
       2
       1
       0
       1
       0
       2
       1
       1
       2
       0
       1
       2
       3
       0
       4
       1
       1
       1
       1
       1
       1
       1
       2
       2
       1
       2
       2
       1
       0
       2
       0
       1
       2
       0
       0
       1
       2
       1
       1
       1
       2
       1
       1
       2
       4
       2
       2
       1
       0
       1
       2
       2
       1
       0
       0
       1
       4
       6
       3
       1
       0
       1
       1
       1
       3
       0
       2
       3
       0
       1
       3
       2
       2
       3
       4
       2
       5
       4
       3
       3
       2
       7
       1
       2
       1
       3
       2
       1
       2
       2
       3
       1
       4
       2
       1
       8
       7
       1
       5
       1
       3
       3
       3
       4
       2
       2
       3
       3
       1
       4
       5
       6
       3
       2
       2
       4
       4
       5
       4
       2
       4
       5
       5
       2
       2
       4
       4
       3
       1
       7
       6
       2
       5
       0
       3
       1
       4
       0
       0
       0
       0
       0
       0
       0
       0
       0
       0
       0
       0
       0
       0
       0
       0
       0
       0
       0
       0
       0
       0
       0
       0
       0
       0
       0
       0
       0
       0
       0
       0
$ROI:
0
$PRESETS:
Live Time
1200
0
$ENER_FIT:
-2.217395 6.913043
$MCA_CAL:
3
-2.217395E+000 6.913043E+000 0.000000E+000 keV
$SHAPE_CAL:
3
0.000000E+000 0.000000E+000 0.000000E+000
