$SPEC_ID:
No sample description was entered.
$SPEC_REM:
DET# 13
DETDESC# XASENKO MCB 129
AP# Maestro Version 7.01
$DATE_MEA:
03/01/2023 12:15:06
$MEAS_TIM:
300 306
$DATA:
0 2047
       0
       0
       5
       4
       0
       0
       0
       0
       0
       0
       0
       0
       0
       0
       0
       0
       0
       0
       0
       0
       0
       0
       0
       0
       0
       0
       0
       0
       0
      61
     525
     516
     513
     586
     557
     596
     666
     647
     654
     717
     696
     706
     775
     821
     837
     872
     865
     892
     880
     980
     978
    1032
    1055
    1083
    1160
    1152
    1212
    1290
    1318
    1339
    1383
    1374
    1419
    1390
    1374
    1362
    1409
    1331
    1287
    1263
    1329
    1197
    1202
    1258
    1242
    1233
    1193
    1194
    1109
    1150
    1066
    1142
    1100
    1120
    1017
    1101
    1101
    1056
    1003
     959
    1033
    1066
    1007
    1036
    1044
    1066
     957
    1004
     920
     968
     960
     944
     945
     935
     945
     906
     902
     918
     921
     871
     871
     901
     905
     802
     833
     846
     830
     859
     851
     888
     808
     870
     797
     883
     845
     779
     771
     774
     785
     739
     762
     777
     764
     740
     795
     768
     714
     772
     761
     741
     709
     716
     677
     720
     668
     727
     709
     723
     728
     736
     719
     708
     672
     692
     713
     686
     755
     708
     717
     750
     741
     697
     744
     741
     751
     748
     725
     708
     742
     756
     734
     764
     757
     788
     740
     779
     757
     799
     787
     693
     805
     772
     745
     744
     701
     765
     716
     758
     678
     751
     694
     687
     689
     674
     644
     662
     679
     684
     678
     615
     682
     630
     618
     572
     619
     597
     655
     591
     613
     671
     614
     620
     573
     609
     569
     576
     561
     539
     568
     591
     594
     533
     544
     553
     558
     542
     537
     552
     583
     525
     565
     554
     527
     531
     538
     537
     507
     544
     520
     516
     519
     523
     517
     519
     481
     496
     526
     483
     527
     515
     476
     489
     493
     522
     465
     516
     485
     485
     486
     513
     530
     481
     436
     459
     472
     498
     508
     460
     473
     450
     444
     488
     454
     434
     453
     466
     424
     395
     437
     432
     392
     441
     456
     444
     427
     384
     445
     370
     427
     376
     407
     403
     426
     382
     398
     377
     393
     398
     349
     403
     400
     405
     388
     387
     372
     411
     400
     394
     359
     377
     387
     372
     372
     368
     370
     350
     396
     399
     349
     360
     356
     373
     364
     376
     367
     358
     402
     369
     377
     352
     355
     394
     364
     368
     322
     355
     383
     359
     321
     366
     344
     359
     354
     326
     350
     390
     356
     363
     337
     321
     358
     344
     356
     341
     349
     347
     337
     335
     365
     382
     326
     378
     360
     340
     333
     373
     336
     352
     351
     362
     353
     341
     361
     372
     349
     337
     314
     332
     386
     349
     337
     350
     396
     358
     341
     329
     343
     341
     329
     357
     348
     316
     354
     309
     345
     330
     344
     331
     378
     286
     324
     335
     325
     356
     313
     307
     327
     321
     337
     314
     368
     334
     308
     328
     327
     336
     320
     322
     342
     323
     316
     311
     295
     339
     319
     324
     356
     304
     338
     343
     344
     352
     351
     322
     331
     332
     351
     292
     343
     325
     349
     338
     317
     306
     322
     319
     304
     326
     304
     329
     351
     322
     316
     363
     334
     354
     345
     336
     352
     345
     310
     295
     299
     315
     316
     302
     315
     344
     306
     283
     298
     317
     322
     319
     312
     302
     308
     295
     324
     308
     299
     323
     297
     290
     291
     302
     313
     327
     320
     291
     296
     296
     307
     302
     307
     286
     298
     301
     304
     304
     272
     285
     306
     321
     304
     323
     317
     306
     323
     284
     305
     291
     315
     324
     297
     286
     298
     354
     327
     316
     312
     315
     331
     340
     323
     322
     330
     335
     283
     317
     310
     308
     290
     335
     329
     318
     298
     318
     302
     332
     336
     330
     295
     301
     329
     310
     331
     301
     332
     299
     294
     308
     308
     311
     326
     304
     319
     321
     320
     321
     310
     326
     279
     317
     293
     334
     315
     342
     328
     354
     339
     307
     338
     355
     323
     348
     328
     333
     337
     319
     335
     380
     361
     357
     320
     339
     361
     382
     312
     335
     350
     338
     341
     326
     310
     373
     336
     336
     330
     354
     378
     306
     380
     344
     355
     353
     366
     349
     371
     351
     354
     376
     369
     406
     368
     382
     348
     367
     373
     367
     401
     358
     391
     375
     401
     382
     363
     384
     343
     393
     326
     345
     358
     355
     366
     366
     360
     373
     384
     384
     367
     405
     376
     355
     347
     371
     355
     334
     378
     360
     366
     333
     348
     323
     358
     349
     352
     369
     323
     375
     361
     368
     355
     305
     363
     312
     372
     358
     391
     299
     303
     315
     323
     295
     327
     371
     303
     315
     312
     303
     328
     318
     326
     318
     310
     295
     308
     305
     313
     297
     299
     334
     298
     301
     303
     293
     305
     304
     265
     244
     272
     320
     277
     275
     266
     290
     280
     262
     283
     312
     287
     270
     295
     254
     309
     265
     275
     260
     261
     276
     266
     273
     264
     273
     240
     256
     263
     275
     233
     245
     255
     277
     218
     238
     252
     274
     263
     225
     253
     257
     237
     244
     232
     242
     248
     239
     273
     258
     238
     213
     236
     223
     240
     210
     218
     241
     235
     206
     202
     236
     208
     229
     231
     230
     225
     211
     230
     202
     230
     234
     192
     193
     252
     204
     199
     222
     209
     223
     239
     181
     202
     215
     219
     192
     221
     212
     204
     236
     262
     260
     233
     250
     237
     227
     261
     255
     247
     237
     269
     280
     296
     307
     332
     299
     349
     369
     363
     373
     404
     386
     380
     410
     442
     431
     428
     453
     459
     478
     519
     506
     527
     576
     583
     567
     590
     619
     642
     665
     673
     707
     684
     718
     785
     730
     790
     791
     838
     875
     845
     805
     865
     855
     899
     947
     934
     942
     946
     947
     938
     969
     952
     972
     903
     981
     922
     951
     887
     930
     962
     885
     855
     880
     877
     821
     791
     837
     769
     750
     782
     680
     739
     677
     621
     609
     637
     587
     606
     560
     487
     529
     530
     448
     462
     413
     431
     387
     377
     381
     361
     337
     335
     310
     312
     310
     299
     271
     261
     255
     257
     217
     249
     240
     256
     251
     233
     251
     212
     228
     226
     226
     241
     229
     239
     229
     233
     258
     261
     257
     282
     299
     294
     315
     336
     322
     327
     362
     334
     390
     384
     394
     377
     399
     458
     428
     449
     503
     488
     510
     552
     521
     539
     568
     573
     588
     615
     604
     629
     697
     650
     653
     662
     651
     744
     689
     691
     695
     745
     726
     709
     722
     758
     771
     751
     737
     813
     768
     767
     759
     751
     745
     687
     703
     720
     694
     666
     677
     657
     620
     711
     601
     622
     583
     568
     531
     565
     522
     542
     487
     501
     443
     430
     448
     451
     376
     372
     360
     356
     342
     325
     315
     315
     299
     296
     271
     244
     220
     222
     215
     197
     202
     175
     175
     155
     170
     161
     171
     138
     129
     141
     138
     141
     131
     100
     118
     114
      91
     104
     107
      89
      89
      91
      99
      80
      86
      97
     107
      77
      99
      96
      96
      80
      82
      98
      82
      87
      73
      68
      85
      72
      77
      77
      94
      84
      82
      71
      67
      71
      94
      71
      64
      76
      80
      65
      57
      82
      57
      58
      64
      76
      62
      71
      49
      54
      62
      59
      61
      50
      49
      59
      59
      46
      45
      51
      52
      61
      50
      63
      54
      54
      57
      44
      57
      49
      60
      55
      58
      41
      45
      45
      49
      45
      38
      45
      33
      43
      43
      57
      33
      43
      40
      36
      50
      39
      49
      48
      30
      44
      40
      40
      50
      46
      48
      36
      43
      39
      30
      54
      49
      36
      45
      34
      46
      32
      50
      42
      40
      38
      27
      40
      43
      46
      32
      30
      39
      55
      29
      34
      48
      37
      43
      40
      43
      45
      30
      42
      41
      37
      39
      38
      41
      58
      39
      26
      38
      34
      37
      41
      29
      39
      36
      44
      45
      34
      33
      33
      43
      48
      25
      32
      36
      38
      40
      39
      32
      37
      37
      41
      37
      37
      25
      41
      32
      40
      33
      34
      26
      32
      51
      34
      36
      38
      30
      33
      27
      44
      38
      31
      28
      30
      33
      39
      33
      35
      40
      39
      36
      47
      32
      25
      29
      28
      34
      26
      34
      29
      39
      33
      30
      38
      44
      30
      25
      31
      36
      35
      25
      41
      24
      33
      27
      34
      33
      42
      35
      46
      39
      31
      32
      30
      27
      41
      34
      33
      35
      31
      24
      29
      29
      35
      31
      34
      32
      27
      28
      31
      26
      29
      29
      31
      26
      33
      40
      29
      29
      36
      30
      31
      33
      34
      30
      24
      22
      29
      35
      29
      35
      29
      30
      42
      36
      41
      35
      24
      16
      26
      32
      39
      33
      36
      16
      25
      23
      20
      29
      27
      22
      34
      21
      28
      19
      28
      22
      21
      30
      21
      17
      29
      17
      31
      25
      27
      28
      32
      37
      26
      28
      30
      17
      17
      22
      18
      26
      28
      33
      31
      19
      28
      27
      19
      26
      22
      22
      26
      27
      26
      31
      32
      26
      28
      22
      21
      26
      18
      24
      24
      22
      27
      30
      32
      32
      23
      32
      29
      28
      29
      28
      22
      22
      23
      28
      32
      28
      34
      29
      23
      21
      25
      19
      29
      30
      38
      18
      22
      34
      33
      33
      19
      25
      30
      25
      27
      26
      29
      20
      17
      30
      27
      24
      19
      21
      19
      20
      27
      23
      24
      27
      21
      20
      21
      31
      23
      26
      25
      24
      24
      29
      19
      27
      23
      26
      27
      30
      22
      34
      18
      25
      29
      23
      28
      23
      27
      24
      21
      19
      24
      34
      20
      25
      19
      29
      19
      25
      26
      25
      26
      19
      20
      25
      23
      26
      19
      23
      24
      24
      20
      25
      23
      23
      33
      26
      22
      12
      25
      27
      24
      24
      23
      22
      30
      26
      23
      22
      34
      17
      18
      21
      31
      24
      27
      23
      22
      21
      16
      16
      18
      33
      19
      33
      27
      30
      20
      25
      16
      29
      21
      31
      23
      22
      29
      29
      23
      31
      14
      25
      19
      32
      21
      25
      16
      23
      29
      26
      28
      18
      25
      26
      20
      21
      36
      18
      19
      30
      18
      26
      29
      26
      12
      14
      22
      29
      31
      31
      22
      25
      25
      22
      18
      29
      13
      25
      22
      23
      22
      26
      24
      30
      22
      27
      24
      20
      17
      31
      29
      29
      23
      25
      28
      24
      32
      26
      27
      19
      24
      21
      24
      26
      21
      17
      22
      30
      15
      20
      30
      18
      25
      25
      22
      29
      17
      30
      28
      26
      20
      20
      11
      21
      28
      28
      26
      22
      26
      27
      22
      25
      13
      28
      18
      24
      28
      19
      22
      30
      26
      33
      22
      20
      31
      17
      26
      21
      28
      23
      25
      26
      20
      22
      23
      24
      22
      11
      23
      17
      21
      21
      28
      23
      21
      20
      22
      15
      13
      20
      23
      20
      23
      19
      24
      16
      22
      14
      14
      15
      12
      18
      26
      16
      13
      18
      14
      13
      14
      15
       8
      15
      12
      17
      13
      11
      13
      11
       9
      11
      13
      19
      13
      15
       9
       9
      12
       9
      10
       8
      12
      13
      15
       7
       7
      10
      10
       5
       9
       9
       9
      16
       7
      14
       8
       9
       7
      14
      10
       6
       7
       5
      11
       5
       5
       3
      13
       5
      12
       7
      10
      15
      12
       6
       9
       5
       7
       8
       5
       5
       5
       8
       7
       7
       7
       2
       8
       6
       3
      11
      12
      11
      14
       9
      13
       7
      10
      10
       6
       7
       9
      10
      13
      13
      12
       9
      11
      11
      10
       5
      17
       9
      15
       8
      13
      13
      17
       8
      18
      11
      22
      14
      12
      11
      20
      13
      19
      18
      12
      14
      25
      19
      27
      18
      27
      25
      26
      40
      21
      33
      25
      32
      23
      22
      28
      29
      36
      33
      24
      27
      36
      33
      27
      27
      29
      32
      28
      33
      51
      40
      25
      37
      47
      21
      35
      38
      38
      29
      30
      28
      44
      46
      36
      38
      35
      38
      49
      34
      32
      36
      41
      42
      35
      41
      40
      50
      29
      34
      45
      43
      38
      33
      31
      30
      40
      35
      38
      20
      39
      27
      28
      30
      36
      41
      41
      32
      26
      28
      28
      20
      29
      37
      23
      35
      21
      19
      18
      17
      23
      25
      16
      23
      21
      26
      16
      19
      14
      24
      21
      14
      12
      15
      19
      19
      15
      14
      11
      10
      14
      13
      13
      13
       8
      12
      10
      11
      12
      13
      11
       5
       8
      10
       9
       7
       5
       5
       4
       8
       4
       8
       2
       8
       3
       2
       9
       2
       7
       7
       4
       4
       7
       1
       6
       2
       8
       3
       3
       2
       4
       5
       1
       3
       8
       2
       3
       4
       2
       5
       2
       0
       3
       4
       6
       3
       3
       0
       3
       1
       1
       2
       2
       5
       3
       0
       1
       2
       1
       2
       0
       0
       0
       2
       1
       2
       2
       0
       2
       0
       3
       0
       2
       0
       0
       0
       0
       0
       1
       0
       0
       0
       0
       0
       0
       0
       1
       0
       0
       0
       0
       0
       1
       0
       1
       0
       0
       0
       0
       1
       1
       0
       0
       0
       0
       2
       0
       1
       0
       1
       0
       0
       1
       1
       0
       1
       0
       0
       0
       1
       0
       0
       0
       1
       0
       0
       0
       0
       0
       1
       0
       0
       0
       2
       1
       0
       0
       0
       0
       0
       0
       0
       0
       0
       0
       0
       0
       0
       0
       0
       0
       0
       0
       0
       0
       0
       0
       0
       0
       0
       0
       0
       0
       0
       0
       0
       0
       0
$ROI:
0
$PRESETS:
Live Time
300
0
$ENER_FIT:
-2.217395 6.913043
$MCA_CAL:
3
-2.217395E+000 6.913043E+000 0.000000E+000 keV
$SHAPE_CAL:
3
0.000000E+000 0.000000E+000 0.000000E+000
