$SPEC_ID:
No sample description was entered.
$SPEC_REM:
DET# 13
DETDESC# XASENKO MCB 129
AP# Maestro Version 7.01
$DATE_MEA:
03/01/2023 12:09:00
$MEAS_TIM:
300 332
$DATA:
0 2047
       0
       0
       0
       0
       0
       0
       0
       0
       0
       0
       0
       0
       0
       0
       0
       0
       0
       0
       0
       0
       0
       0
       0
       0
       0
       0
       0
       0
       0
    2749
   29366
   34283
   38443
   40113
   39411
   37842
   34053
   30300
   25614
   21500
   17168
   13755
   11032
    8697
    7010
    5999
    5097
    4460
    4277
    4125
    4153
    4497
    4670
    5247
    5703
    6273
    7164
    7642
    8007
    8186
    8511
    8774
    8569
    8566
    8510
    8325
    8288
    8198
    7962
    7759
    7520
    6994
    6782
    6517
    6336
    6005
    5896
    5773
    5737
    6076
    6343
    6748
    7618
    8566
   10130
   11697
   13566
   15410
   17822
   19918
   21585
   23005
   24449
   24997
   24700
   24180
   22930
   21620
   19900
   17917
   16232
   14383
   12747
   11402
   10075
    8780
    7993
    7234
    6468
    6044
    5414
    5214
    4875
    4634
    4588
    4518
    4460
    4602
    4594
    4676
    4697
    4888
    4863
    5080
    5077
    5247
    5195
    5287
    5097
    5059
    5047
    4958
    4753
    4526
    4424
    4236
    4151
    3858
    3698
    3362
    3458
    3322
    3173
    3019
    3007
    2864
    2818
    2872
    2783
    2766
    2711
    2746
    2637
    2664
    2608
    2517
    2659
    2630
    2643
    2612
    2747
    2740
    2787
    2791
    2698
    2887
    2931
    3080
    3117
    3356
    3271
    3493
    3518
    3691
    3742
    4068
    4158
    4164
    4343
    4502
    4529
    4535
    4483
    4757
    4677
    4524
    4617
    4637
    4452
    4333
    4238
    4149
    3971
    3811
    3798
    3570
    3565
    3258
    3264
    3076
    2981
    2911
    2826
    2839
    2695
    2796
    2734
    2606
    2618
    2565
    2573
    2633
    2550
    2617
    2611
    2572
    2563
    2563
    2532
    2580
    2606
    2580
    2722
    2685
    2732
    2658
    2747
    2844
    2926
    2833
    3022
    3116
    3265
    3413
    3623
    3902
    3934
    4332
    4517
    4889
    5089
    5662
    5792
    6195
    6538
    6764
    7183
    7398
    7812
    8173
    8401
    8657
    8829
    9294
    9422
    9523
    9479
    9814
    9806
    9675
    9430
    9409
    9379
    9162
    8772
    8663
    8219
    7895
    7477
    7165
    6771
    6519
    6083
    5802
    5468
    5028
    4703
    4298
    4107
    3880
    3628
    3483
    3240
    3080
    2923
    2820
    2575
    2581
    2430
    2359
    2328
    2222
    2172
    2125
    2109
    2075
    2057
    2071
    2082
    2083
    1966
    2110
    2021
    2015
    1953
    2085
    2047
    2042
    1978
    2042
    2108
    2095
    2046
    2075
    2051
    2063
    2002
    2031
    2014
    2050
    1969
    1997
    1972
    2099
    1969
    1991
    1904
    1977
    1993
    1899
    1853
    1995
    1947
    1916
    1929
    1820
    1910
    1866
    1820
    1803
    1808
    1764
    1758
    1715
    1715
    1656
    1660
    1596
    1621
    1579
    1598
    1568
    1581
    1589
    1487
    1494
    1586
    1545
    1438
    1484
    1547
    1430
    1474
    1430
    1458
    1469
    1432
    1406
    1441
    1496
    1443
    1417
    1427
    1426
    1434
    1357
    1443
    1381
    1466
    1419
    1348
    1361
    1418
    1356
    1327
    1340
    1355
    1354
    1275
    1364
    1312
    1336
    1347
    1366
    1302
    1302
    1380
    1368
    1332
    1354
    1359
    1284
    1346
    1289
    1382
    1339
    1315
    1385
    1367
    1315
    1338
    1299
    1282
    1260
    1294
    1261
    1259
    1282
    1327
    1355
    1298
    1295
    1266
    1354
    1336
    1340
    1318
    1323
    1235
    1317
    1316
    1237
    1251
    1176
    1230
    1221
    1277
    1234
    1200
    1159
    1221
    1126
    1218
    1265
    1173
    1191
    1262
    1170
    1169
    1165
    1127
    1133
    1135
    1138
    1155
    1079
    1091
    1138
    1129
    1146
    1142
    1141
    1217
    1110
    1071
    1067
    1080
    1022
    1059
    1031
    1108
    1159
    1133
    1122
    1067
    1079
    1180
    1111
    1112
    1134
    1069
    1153
    1149
    1109
    1115
    1151
    1120
    1134
    1110
    1113
    1146
    1082
    1128
    1115
    1116
    1163
    1167
    1161
    1205
    1172
    1151
    1180
    1175
    1191
    1159
    1203
    1201
    1206
    1236
    1147
    1159
    1189
    1146
    1168
    1215
    1175
    1172
    1150
    1206
    1217
    1238
    1190
    1180
    1211
    1211
    1232
    1294
    1322
    1242
    1273
    1235
    1285
    1285
    1333
    1391
    1360
    1393
    1399
    1345
    1420
    1441
    1474
    1480
    1521
    1553
    1577
    1582
    1529
    1688
    1714
    1712
    1725
    1684
    1777
    1778
    1831
    1884
    1913
    1895
    1960
    1931
    1938
    1973
    2034
    2079
    1993
    2091
    2049
    2111
    2082
    2044
    2056
    2075
    1927
    2064
    2049
    1996
    1966
    1957
    1913
    1920
    1927
    1894
    1911
    1770
    1761
    1789
    1755
    1696
    1640
    1640
    1535
    1588
    1490
    1440
    1468
    1387
    1355
    1378
    1338
    1367
    1333
    1320
    1225
    1182
    1161
    1121
    1199
    1080
    1154
    1097
    1175
    1099
    1028
    1128
    1065
    1063
    1019
    1084
    1052
    1015
    1054
    1022
    1053
    1051
    1044
    1071
     982
    1002
    1026
    1018
     967
     963
    1030
     982
    1025
     981
    1008
     962
     999
     942
     936
     944
     946
    1011
     982
     949
     895
     984
    1050
     954
     954
     977
     970
     974
     933
    1012
     940
     966
     959
     970
     997
     996
    1035
     990
    1091
    1080
     968
    1051
    1140
    1092
    1060
    1036
    1084
    1140
    1101
    1186
    1156
    1217
    1120
    1217
    1262
    1189
    1255
    1267
    1313
    1289
    1373
    1395
    1397
    1334
    1356
    1418
    1324
    1431
    1427
    1430
    1404
    1506
    1412
    1448
    1420
    1413
    1399
    1464
    1464
    1480
    1462
    1354
    1431
    1423
    1382
    1444
    1343
    1334
    1326
    1293
    1335
    1284
    1329
    1287
    1248
    1228
    1196
    1185
    1192
    1150
    1180
    1120
    1150
    1095
    1058
    1043
    1028
    1023
    1103
    1042
    1013
    1021
    1034
    1027
    1005
    1084
     999
    1052
    1002
    1026
    1068
    1043
    1020
    1119
    1062
    1040
    1081
    1017
    1108
    1098
    1129
    1165
    1144
    1167
    1216
    1228
    1227
    1245
    1382
    1321
    1377
    1356
    1380
    1412
    1503
    1402
    1463
    1594
    1525
    1589
    1618
    1579
    1716
    1644
    1706
    1688
    1818
    1768
    1804
    1833
    1934
    1841
    1914
    1888
    1942
    1874
    1938
    1949
    2008
    1940
    2005
    1905
    1886
    1964
    2003
    1966
    1957
    1953
    1984
    1915
    1863
    1858
    1873
    1839
    1800
    1818
    1758
    1809
    1725
    1709
    1693
    1753
    1592
    1587
    1480
    1585
    1479
    1520
    1443
    1396
    1401
    1447
    1322
    1352
    1240
    1240
    1203
    1138
    1145
    1163
    1115
    1091
    1018
    1036
     972
     955
     947
     913
     937
     856
     905
     843
     796
     771
     780
     793
     779
     722
     724
     684
     671
     629
     668
     611
     614
     579
     607
     570
     546
     549
     496
     540
     503
     514
     498
     480
     505
     451
     506
     482
     486
     429
     444
     433
     433
     465
     452
     432
     441
     408
     475
     451
     443
     419
     420
     416
     406
     383
     411
     429
     438
     428
     453
     405
     375
     388
     389
     426
     379
     384
     389
     397
     370
     347
     373
     362
     384
     371
     357
     357
     359
     403
     368
     355
     350
     311
     363
     345
     331
     325
     337
     342
     358
     321
     316
     300
     313
     315
     275
     344
     341
     328
     291
     318
     295
     274
     280
     303
     287
     315
     294
     268
     325
     305
     299
     316
     350
     311
     343
     331
     319
     345
     348
     365
     356
     334
     371
     377
     395
     386
     396
     368
     414
     409
     407
     412
     419
     466
     448
     496
     437
     480
     519
     541
     516
     521
     498
     527
     581
     588
     552
     599
     586
     656
     619
     617
     631
     653
     704
     681
     708
     767
     734
     790
     763
     775
     751
     810
     791
     835
     789
     828
     823
     832
     833
     843
     830
     836
     924
     863
     823
     872
     868
     878
     822
     816
     819
     816
     840
     831
     787
     802
     790
     780
     722
     757
     717
     772
     782
     726
     680
     686
     706
     695
     679
     670
     710
     619
     602
     590
     597
     560
     584
     534
     528
     568
     555
     508
     503
     503
     479
     453
     474
     463
     432
     443
     398
     464
     428
     414
     374
     394
     347
     341
     321
     335
     354
     319
     338
     303
     292
     309
     320
     315
     309
     286
     264
     253
     274
     284
     270
     267
     265
     295
     273
     259
     253
     248
     253
     275
     237
     276
     250
     262
     253
     195
     216
     221
     236
     224
     194
     223
     213
     205
     211
     216
     214
     227
     218
     182
     189
     197
     189
     196
     226
     171
     188
     172
     154
     178
     168
     169
     163
     156
     144
     174
     165
     126
     141
     137
     150
     146
     131
     135
     125
     120
     117
     125
     118
     129
      97
     113
      96
     101
     107
      93
     104
      97
      93
      89
      76
      71
      96
      88
      71
      73
      69
      67
      72
      63
      72
      52
      74
      63
      68
      56
      52
      59
      58
      59
      52
      52
      55
      59
      46
      54
      49
      60
      62
      54
      50
      51
      43
      45
      47
      45
      59
      53
      35
      50
      50
      48
      44
      33
      41
      39
      47
      48
      44
      44
      33
      37
      44
      37
      43
      39
      21
      27
      39
      38
      45
      36
      35
      22
      42
      44
      24
      23
      33
      29
      40
      26
      29
      28
      31
      34
      34
      27
      27
      22
      23
      25
      22
      21
      29
      23
      23
      36
      20
      27
      19
      20
      19
      20
      29
      25
      23
      30
      22
      22
      32
      21
      28
      15
      19
      15
      19
      21
      19
      28
      25
      16
      24
      22
      15
      19
      24
      15
      10
      19
      18
      28
      23
      23
      18
      15
      20
      21
      16
      10
      17
       9
      14
       5
      18
      17
      16
      13
      17
      13
      10
      16
      15
      15
      15
      15
      14
      15
      20
      15
      19
       9
      10
       9
       5
      17
      11
      19
      17
      14
      13
      15
      12
      15
      15
      12
      14
      15
       9
      17
      10
      18
      15
       9
      11
      15
      17
      12
      14
      10
      17
       7
      12
      15
      16
      13
      13
      11
       8
      14
      14
      15
      11
       7
      10
       7
      17
       9
      11
      20
      14
       9
      16
       6
      15
      11
       8
      14
      12
      11
      13
       7
       8
       8
      12
       8
      15
      11
      10
       8
      12
       8
      15
      11
       7
      11
      17
      12
       4
       2
      13
      10
      12
       9
      14
       9
      11
       6
       8
       7
       8
      12
       7
      11
       9
       3
      11
      11
      10
      13
      10
       6
      13
       9
      11
       4
      11
       6
       9
       9
      17
       5
       8
      11
      10
       8
       7
      14
      11
       8
       7
       6
       6
       5
      13
       4
      12
      18
       7
       5
       3
       8
      18
       9
       5
       6
       8
      10
       8
      11
       7
       8
       5
       6
       9
      10
      11
       8
       7
       9
       7
       5
      10
       9
       3
       5
      10
       9
       6
       6
       8
       4
       8
       3
       8
       8
      11
      12
       6
      15
      12
       9
       6
       6
       2
       6
       8
       7
       9
       4
       8
       4
      10
       8
       5
       7
       6
      10
       8
       7
       3
       7
       5
       5
       6
       2
      12
       5
      12
       9
       6
       4
      10
       6
       8
       4
       6
       7
       4
       8
       7
       4
       3
       9
      11
       5
       4
       6
       9
      10
      11
       5
       7
       6
       6
       6
       8
      11
       6
       7
       5
       7
       7
      12
      12
      11
       3
      12
       3
       6
       4
       5
       3
       3
       4
       4
       5
       5
       5
       9
       7
      11
       9
       6
       7
       5
       7
       4
       5
       7
       6
       5
       9
       4
       4
       8
       6
       3
       8
       6
       7
       5
       7
       8
       7
       6
       6
       4
       7
       7
       7
       8
       9
       4
       2
       6
       5
       5
       5
       4
       1
       7
       6
       3
       6
       7
       6
       7
       2
       6
       6
       5
       5
       3
       2
       6
       3
       8
       4
       5
       4
       5
       2
       6
       8
       4
       4
       6
       6
       3
       2
       4
       5
       5
       6
       5
       7
       2
       3
       5
       6
       6
       6
       3
       2
       5
       7
       6
       6
       7
       9
       8
       7
       3
       2
       6
       2
       3
       1
       2
       2
       3
       4
       6
       6
       7
       2
       2
       6
       5
       5
       5
       5
       5
       2
       4
       5
       3
       6
       4
       4
       2
       5
       5
       5
       4
       1
       6
       4
       4
       2
       5
       3
       4
       0
       2
       3
       3
       0
       3
       2
       3
       5
       5
       4
       2
       3
       4
       1
       6
       6
       3
       1
       1
       2
       1
       2
       2
       3
       6
       3
       0
       2
       0
       2
       4
       7
       5
       6
       2
       2
       1
       5
       2
       3
       1
       3
       5
       7
       2
       2
       0
       5
       3
       1
       2
       7
       5
       1
       2
       4
       3
       6
       4
       1
       3
       2
       1
       3
       0
       3
       2
       0
       2
       2
       1
       3
       3
       1
       1
       1
       2
       1
       0
       3
       2
       0
       1
       2
       5
       2
       3
       5
       2
       3
       1
       4
       0
       3
       6
       3
       4
       3
       1
       2
       7
       0
       3
       1
       2
       6
       1
       4
       2
       1
       2
       3
       2
       2
       4
       0
       2
       3
       1
       6
       5
       3
       1
       7
       5
       3
       7
       5
       4
       1
       5
       2
       0
       6
       2
       3
       4
       6
       6
       4
       5
       6
       3
       4
       4
       6
       2
       2
       3
       5
       2
       5
       5
       2
       2
       2
       0
       7
       9
       6
       4
       4
       5
       2
       7
       5
       2
       5
       7
       2
       4
       6
       5
       8
       3
       3
       8
       2
       3
       3
       6
       4
       4
       0
       3
       7
       1
       5
       3
       6
       3
       4
       6
       4
       4
       1
       4
       2
       1
       3
       0
       4
       3
       5
       1
       4
       4
       4
       3
       0
       3
       1
       0
       4
       3
       1
       4
       0
       3
       0
       1
       2
       2
       5
       0
       0
       2
       0
       3
       2
       0
       5
       0
       2
       0
       2
       4
       0
       0
       1
       2
       2
       3
       2
       2
       0
       2
       0
       2
       3
       1
       0
       1
       2
       1
       1
       0
       0
       1
       3
       0
       0
       2
       0
       0
       1
       0
       1
       0
       0
       0
       1
       1
       0
       0
       0
       0
       2
       0
       0
       0
       1
       0
       2
       0
       1
       0
       0
       0
       0
       0
       1
       0
       0
       0
       0
       0
       1
       0
       0
       1
       0
       2
       0
       0
       1
       0
       1
       1
       2
       1
       0
       0
       0
       0
       0
       0
       1
       1
       0
       0
       1
       0
       1
       0
       0
       0
       0
       0
       0
       0
       0
       0
       0
       0
       0
       0
       0
       0
       0
       0
       0
       0
       0
       0
       0
       0
       0
       0
       0
       0
       0
       0
       0
       0
       0
$ROI:
0
$PRESETS:
Live Time
300
0
$ENER_FIT:
-2.217395 6.913043
$MCA_CAL:
3
-2.217395E+000 6.913043E+000 0.000000E+000 keV
$SHAPE_CAL:
3
0.000000E+000 0.000000E+000 0.000000E+000
