Nguon X
1800
1804
0
0
0
0
0
0
0
0
0
0
0
0
0
0
0
0
0
0
0
0
0
0
0
0
0
0
0
0
0
0
0
0
0
0
0
0
0
0
0
0
0
0
0
0
0
0
0
0
0
0
0
0
0
0
0
0
0
0
0
0
0
0
0
0
0
0
0
0
0
0
0
0
0
0
0
0
0
0
0
0
0
0
0
0
0
0
0
0
0
0
0
0
0
0
0
0
0
0
0
0
0
0
0
0
0
0
0
0
0
0
0
0
0
0
0
0
0
0
0
0
0
0
0
0
0
0
0
0
0
0
0
1
0
0
0
0
0
0
0
0
0
0
0
0
0
0
0
0
0
0
0
0
0
0
0
0
0
0
0
0
0
0
0
0
0
0
0
0
0
0
0
0
0
0
0
0
0
0
0
0
0
0
1
3
14
126
470
1010
1497
1910
2094
2224
2091
1937
1791
1665
1512
1307
1262
1231
1100
1010
985
845
804
776
692
687
593
531
502
455
429
388
410
371
327
298
287
286
248
204
211
215
219
191
201
191
177
185
187
171
180
160
169
174
162
168
173
179
164
158
166
168
196
181
177
205
183
184
190
235
206
218
193
213
213
223
230
231
263
238
257
233
263
286
298
295
294
310
300
316
322
356
351
365
359
409
363
394
416
392
422
412
418
446
442
438
470
440
455
476
494
450
415
430
476
474
417
427
452
394
404
356
337
317
311
312
253
270
298
270
237
221
231
229
226
216
177
184
169
145
167
137
135
140
117
103
112
105
94
103
105
98
91
84
101
86
90
90
94
75
76
84
92
65
77
80
74
78
75
86
100
81
73
87
91
91
68
70
80
77
73
76
79
87
94
81
74
78
81
74
70
79
63
80
73
75
82
75
80
80
65
69
85
87
72
86
86
81
83
80
93
91
73
90
78
70
76
63
70
78
72
91
90
82
66
64
66
64
80
73
89
76
64
90
85
65
84
106
80
72
82
86
87
83
86
83
81
91
85
75
82
64
72
100
83
69
73
71
97
67
77
74
95
88
78
68
75
83
76
85
80
71
82
97
85
93
90
81
85
84
83
79
74
80
77
78
70
92
81
103
94
77
87
86
86
87
77
82
95
92
80
81
79
85
66
86
86
69
92
94
87
80
83
77
86
97
72
109
96
77
95
86
81
83
94
86
98
91
85
96
99
88
97
91
98
94
86
101
90
65
102
101
92
88
82
97
108
87
83
99
111
102
103
88
96
100
101
107
82
103
97
120
122
94
105
101
103
95
122
109
119
93
106
82
106
103
108
108
99
101
99
108
101
111
109
114
102
110
114
111
114
98
91
98
111
115
97
111
106
101
125
110
138
96
110
107
102
109
120
138
106
128
120
124
111
121
138
104
111
111
116
124
122
131
108
104
85
129
118
115
109
113
111
117
113
100
88
98
94
105
106
105
97
102
96
113
107
101
90
101
95
103
89
98
84
85
104
103
89
104
83
87
98
107
108
90
87
87
86
101
98
86
88
74
99
91
105
92
95
93
89
104
80
95
95
85
91
76
89
67
107
78
83
83
78
99
88
102
96
101
86
85
78
87
81
93
106
85
81
105
106
80
77
73
95
95
81
99
79
81
67
84
92
84
75
92
86
96
76
88
93
91
77
110
73
78
101
77
105
71
70
99
77
68
66
95
86
99
92
101
85
79
73
96
76
87
116
73
71
64
82
70
72
93
90
99
83
67
82
72
69
81
92
87
78
88
77
80
89
81
73
56
61
87
79
94
86
70
67
77
76
92
58
78
68
67
82
75
70
80
76
62
51
75
76
54
54
66
56
71
65
59
77
69
89
56
62
58
74
86
61
67
83
71
65
44
73
65
52
60
40
56
71
60
56
57
68
53
53
59
44
76
59
51
66
41
65
47
60
54
60
59
57
51
59
46
67
55
38
55
60
61
70
53
55
63
46
57
57
48
44
52
37
49
53
46
40
54
43
68
56
46
53
44
55
46
54
56
35
38
50
50
49
50
39
62
40
33
39
38
45
43
41
44
48
50
49
52
39
52
26
44
40
43
46
37
36
46
42
42
39
49
38
45
33
37
41
38
41
45
40
37
57
43
44
49
40
44
35
42
42
49
34
39
42
39
41
45
40
28
42
46
34
39
42
37
32
36
35
30
38
32
37
38
37
34
49
39
38
40
47
42
39
33
43
32
28
31
33
42
31
35
39
37
41
46
31
32
31
36
34
29
35
37
41
31
34
38
40
31
35
33
34
41
36
40
45
31
33
27
40
31
34
43
48
34
36
29
35
40
27
51
40
42
43
37
35
39
35
35
35
47
43
26
52
54
32
35
58
41
46
35
35
55
47
36
48
46
49
51
50
40
55
47
54
59
56
70
77
74
60
81
66
62
46
68
79
88
62
77
75
72
98
91
84
74
93
85
82
78
91
64
78
87
73
71
69
80
69
62
78
62
70
60
63
57
51
59
48
54
51
50
40
44
40
40
38
50
35
32
33
40
46
35
37
30
41
30
31
31
33
28
38
29
30
31
31
38
39
39
30
28
32
36
37
22
29
33
31
44
33
42
36
27
30
36
35
47
45
42
36
51
52
44
62
55
60
65
79
84
79
83
90
85
97
97
104
89
118
121
122
120
128
130
132
148
151
153
143
147
153
135
145
152
148
134
128
135
168
127
130
133
120
108
122
113
106
119
110
96
88
81
89
69
105
80
73
61
65
65
85
79
53
47
73
63
55
55
58
53
43
44
44
57
49
43
50
48
53
47
46
57
48
49
42
57
52
65
59
58
48
50
51
37
42
51
40
47
66
46
50
44
48
44
38
50
49
65
52
55
42
45
38
57
46
47
52
41
40
37
49
45
42
33
41
56
44
42
51
58
47
43
56
56
46
42
49
41
40
53
55
40
41
51
32
46
32
46
25
34
39
46
31
38
35
37
31
47
40
32
33
47
37
35
47
46
34
42
42
44
37
41
36
33
38
43
36
59
39
52
38
43
31
41
35
50
44
36
51
44
45
37
37
47
43
45
50
54
55
78
56
50
52
57
76
62
77
82
80
94
100
105
107
120
138
159
148
157
185
175
224
207
201
213
258
251
252
292
279
301
302
293
350
316
335
376
354
354
324
374
341
393
345
309
317
320
306
298
339
278
317
303
244
254
216
209
229
200
191
175
160
142
163
127
125
114
132
92
92
93
93
66
69
56
59
55
59
42
46
48
30
37
28
31
35
32
28
25
32
20
30
15
27
22
26
21
30
14
15
20
16
21
17
25
19
20
15
12
20
19
13
33
16
16
19
19
26
26
30
20
21
39
27
38
31
24
37
40
41
39
40
42
40
41
52
52
46
56
55
47
41
44
51
58
55
51
67
69
55
58
56
47
56
52
49
63
48
54
37
54
44
50
47
37
30
33
38
38
32
27
34
24
30
23
19
31
23
27
23
15
14
18
19
19
11
20
12
10
13
9
13
16
7
13
12
17
10
7
8
14
12
9
13
21
11
7
6
19
16
14
6
14
5
8
15
9
12
8
13
7
7
13
7
16
7
9
7
9
13
5
12
14
6
7
5
5
11
8
9
7
8
8
6
9
7
7
8
6
11
4
10
5
7
8
4
9
10
7
5
7
7
7
7
16
7
6
6
8
11
5
7
8
6
11
4
3
7
5
10
7
8
9
5
4
6
5
8
3
9
8
6
8
6
12
3
11
4
9
3
4
10
8
3
7
4
5
8
6
6
4
7
10
7
9
8
8
7
10
6
9
7
7
9
7
3
5
2
12
3
7
9
6
2
9
12
7
3
9
5
4
6
6
6
7
3
7
5
4
7
7
6
4
6
6
6
6
8
7
13
9
3
8
5
9
7
7
11
7
9
5
7
7
6
10
9
4
2
7
4
6
7
5
4
10
8
3
7
6
2
7
7
4
5
10
3
5
7
9
9
7
7
3
5
4
3
7
9
7
7
3
3
11
3
5
6
5
6
5
3
5
4
6
8
9
2
4
5
7
4
1
3
6
5
4
10
6
7
8
6
6
6
8
3
11
2
8
7
3
6
7
5
3
7
5
5
5
6
2
4
4
5
8
4
3
3
7
3
6
5
4
7
10
7
12
6
5
6
3
8
4
4
8
1
5
6
5
6
6
5
8
3
9
3
4
4
1
2
4
4
4
4
4
3
6
3
4
2
3
5
3
3
6
6
2
7
3
6
5
5
4
7
6
7
6
4
7
6
6
4
8
6
3
6
9
6
5
6
5
5
6
4
4
3
4
4
8
7
4
2
7
5
2
5
6
5
4
5
5
3
3
4
8
5
7
8
3
2
3
8
2
7
7
12
3
2
6
4
2
4
9
7
5
7
3
8
3
4
4
1
8
9
3
2
3
7
3
5
5
6
5
5
5
3
3
5
6
5
5
5
5
4
7
5
5
3
6
4
3
6
5
4
7
4
1
2
3
5
6
4
5
5
2
6
10
6
7
5
8
3
8
4
2
8
7
9
6
5
4
5
7
5
10
9
13
3
9
11
7
5
4
8
6
2
3
3
5
10
8
3
4
2
2
6
10
8
6
7
7
4
4
3
5
8
3
3
3
10
6
8
1
4
6
8
6
6
7
1
5
8
10
1
3
8
4
7
7
6
8
5
2
6
3
9
5
4
7
10
9
8
5
4
6
8
6
8
0
3
7
3
5
6
9
3
9
10
6
7
2
5
4
4
4
4
4
5
4
6
7
10
5
9
5
8
5
2
6
6
9
6
9
8
5
3
8
6
6
12
5
5
3
5
6
5
9
2
7
5
3
3
6
7
7
11
3
4
8
1
7
0
3
2
5
3
6
4
3
5
6
6
8
4
3
0
4
3
5
5
3
3
3
5
11
7
2
6
5
6
7
3
2
6
4
6
8
7
8
9
5
2
5
2
6
7
3
2
7
8
4
3
2
5
5
7
5
2
4
4
5
4
4
2
3
3
10
3
1
4
4
5
5
2
7
5
4
5
3
2
4
3
5
5
0
3
4
5
5
9
3
4
5
2
2
5
2
6
2
5
8
5
2
2
6
8
5
7
2
4
4
2
6
4
1
2
3
6
7
6
5
10
7
3
4
8
3
6
4
6
4
7
8
6
3
5
4
5
5
5
7
2
2
6
2
7
10
8
3
2
8
3
5
5
5
4
6
3
7
5
5
4
2
3
4
4
4
5
3
7
5
7
6
5
3
6
5
11
8
5
6
8
2
2
4
7
4
6
2
9
5
6
4
6
2
7
3
1
3
4
6
5
2
5
2
3
4
6
5
7
3
8
5
4
2
4
2
8
3
4
5
3
4
10
2
5
6
4
4
8
5
5
3
1
4
8
6
6
5
1
3
6
8
8
1
4
5
5
4
5
6
6
4
1
6
4
3
7
1
1
9
4
3
5
5
2
4
4
5
8
2
8
2
4
7
4
2
5
2
4
5
1
3
5
2
2
3
9
3
2
6
7
3
8
5
3
4
10
7
5
5
3
4
9
6
2
8
2
3
4
3
4
2
4
2
4
8
9
5
2
2
2
4
5
8
3
3
8
4
6
6
2
5
6
4
4
9
4
7
2
3
3
5
10
6
5
3
7
4
5
4
5
7
4
7
2
6
3
9
5
7
6
7
6
3
5
7
6
2
4
3
0
3
5
2
2
4
5
6
3
9
4
3
4
5
6
6
6
3
6
6
6
3
5
4
2
5
3
3
3
4
3
2
4
5
3
4
7
4
1
4
1
2
1
4
4
4
7
9
6
5
7
4
4
5
4
5
4
4
5
2
7
4
4
6
4
5
5
4
3
3
4
7
2
5
4
5
2
4
6
5
7
6
4
5
6
12
5
10
8
7
6
8
5
3
2
7
2
6
3
4
7
6
2
4
2
8
5
3
4
4
6
1
1
5
6
2
7
8
7
4
7
8
8
3
6
2
4
6
6
5
4
11
5
6
5
4
8
5
2
10
4
8
10
4
5
2
6
5
6
2
3
5
10
8
5
6
3
4
6
4
6
7
4
9
5
3
8
3
5
5
11
7
4
9
3
3
4
6
3
3
6
5
6
5
5
4
5
8
8
4
2
10
2
6
6
11
3
3
2
7
4
1
3
4
3
6
7
3
6
4
9
2
4
4
5
5
4
4
7
6
6
3
6
0
8
4
8
2
7
4
2
5
2
0
8
4
3
6
5
5
7
2
6
7
7
5
9
5
1
3
7
9
9
4
5
2
8
10
2
5
3
4
8
9
7
4
3
6
2
6
4
4
5
3
4
3
5
3
1
7
6
8
5
7
5
4
5
4
5
3
3
3
7
8
5
3
3
3
6
10
5
7
5
6
7
5
3
3
7
2
4
5
4
5
5
6
9
8
5
5
3
3
7
5
10
8
10
9
3
4
4
9
8
4
2
2
5
5
5
2
4
5
3
1
5
8
7
8
5
6
6
5
7
3
4
4
11
4
3
8
5
4
5
3
8
2
6
6
4
2
7
3
2
6
2
3
7
5
1
4
6
9
8
5
9
3
5
4
7
7
3
5
5
5
2
5
4
3
6
6
5
7
2
5
5
4
6
10
7
6
6
6
6
5
3
5
6
5
4
5
6
3
6
5
8
5
8
4
5
2
7
6
6
10
7
5
9
3
4
5
5
5
9
2
4
4
6
4
8
7
5
6
6
8
6
6
9
8
5
7
3
7
3
4
5
2
2
2
4
6
8
6
4
6
8
11
6
4
10
4
5
6
3
7
3
2
6
4
6
5
4
5
10
8
1
4
5
2
4
2
10
3
6
7
3
3
5
7
9
5
7
8
6
9
3
2
8
6
9
5
11
3
7
7
5
4
3
6
7
8
4
4
12
7
7
7
3
2
3
6
4
6
3
6
3
8
5
4
10
4
3
5
2
8
6
8
6
5
7
6
6
8
6
3
4
6
2
6
9
5
9
5
6
5
3
8
6
2
5
1
9
3
3
7
4
7
10
3
6
7
4
5
5
5
8
5
9
4
5
6
6
8
5
3
5
6
5
4
3
6
5
5
6
4
6
3
5
4
4
7
5
7
4
4
4
5
5
7
2
5
6
3
5
6
6
7
7
6
9
7
6
6
5
2
8
10
6
6
8
4
5
3
8
5
7
7
2
5
7
13
3
7
6
4
5
8
9
4
4
3
8
6
4
9
6
11
12
9
8
1
3
5
9
9
8
6
7
5
3
9
6
8
9
2
6
4
5
8
10
2
6
5
2
3
5
5
8
8
7
7
6
7
8
6
6
12
2
6
7
6
5
11
10
6
7
7
9
6
8
4
11
5
8
5
6
3
8
6
3
5
9
4
9
5
5
6
7
7
3
5
4
3
9
10
6
4
9
6
8
7
3
2
4
4
7
2
13
3
6
7
10
9
5
2
4
9
3
2
6
3
7
4
13
4
5
8
6
6
1
5
11
7
12
2
10
5
4
5
7
8
2
7
7
6
10
3
7
8
2
6
6
6
5
7
8
4
2
4
9
6
6
9
4
6
3
4
4
7
6
6
3
8
8
4
6
4
7
4
2
5
7
5
4
4
7
7
9
6
5
9
5
6
4
9
10
5
5
4
3
5
4
4
10
6
4
5
3
2
8
5
7
9
5
8
7
6
9
4
4
10
4
9
7
12
9
5
6
4
7
6
8
8
5
5
7
2
5
9
3
7
4
7
8
8
3
6
6
5
8
6
6
9
4
6
10
5
11
3
8
6
4
4
5
10
6
6
9
5
4
5
6
7
6
6
9
1
5
2
4
9
11
9
7
5
9
7
13
3
8
11
5
4
9
10
0
11
8
10
3
6
8
6
9
4
13
4
11
7
6
9
3
5
7
7
7
5
5
5
5
5
9
10
7
2
7
4
7
8
3
3
6
8
5
5
7
4
7
5
3
5
11
5
3
7
5
5
3
9
8
9
10
4
5
6
6
4
14
11
6
2
7
4
6
8
11
5
5
7
6
4
6
4
4
7
6
7
10
7
13
8
6
8
6
4
5
5
10
8
7
8
7
6
4
6
9
4
13
7
10
5
4
8
2
5
6
10
4
4
9
7
6
3
11
10
4
11
4
7
6
8
11
11
8
6
10
9
5
5
7
10
7
6
7
7
3
4
10
6
7
4
10
4
7
6
5
11
9
7
3
10
4
9
8
6
7
6
11
6
4
5
8
11
7
5
9
10
5
6
8
5
7
3
3
5
7
11
12
3
12
7
3
7
4
6
7
8
8
6
9
8
2
9
13
11
7
9
11
8
10
10
5
11
5
10
7
8
5
12
5
8
6
12
10
5
9
6
13
6
4
8
4
9
10
5
8
5
4
10
7
9
9
9
6
6
6
8
10
9
9
4
9
6
9
7
7
8
7
8
7
6
6
6
8
4
6
9
7
7
7
7
4
10
8
9
6
4
6
10
7
6
7
11
10
6
10
6
2
7
9
7
9
7
8
7
6
8
4
16
8
6
10
6
6
10
6
4
8
7
12
5
3
5
9
5
5
5
2
5
3
5
6
9
5
7
7
8
4
7
8
3
7
8
4
3
5
10
11
7
7
7
7
4
5
7
7
8
4
7
8
6
4
3
7
4
11
7
6
7
1
6
3
11
9
5
6
7
4
5
7
3
7
5
7
4
6
5
5
9
2
7
2
6
5
2
9
5
5
7
5
6
2
8
5
8
7
7
7
3
7
3
6
6
6
8
9
5
6
7
4
5
7
3
7
7
9
6
3
4
7
5
4
6
5
5
7
6
0
7
8
2
5
6
9
7
4
4
9
7
4
6
6
2
8
3
8
5
5
7
7
8
6
6
7
3
6
5
3
8
1
6
13
5
6
5
9
5
2
4
8
6
6
4
5
10
6
5
5
4
5
3
7
8
7
10
4
5
6
4
7
5
4
5
5
5
5
7
8
7
6
5
3
8
5
3
8
11
8
11
1
5
4
9
2
2
11
4
3
6
6
6
6
9
4
5
8
3
3
5
7
5
7
7
8
6
6
5
9
4
4
4
3
4
5
3
4
6
9
3
7
5
7
5
8
8
4
4
7
4
10
4
6
7
9
7
7
7
7
5
8
6
3
7
5
2
5
8
2
2
4
4
8
5
8
5
3
6
6
4
4
4
3
7
2
5
3
2
6
6
6
4
4
5
3
3
5
4
4
5
3
4
7
2
2
7
3
7
8
3
4
7
5
5
7
2
9
8
3
6
6
5
3
4
3
7
3
5
6
2
4
5
8
5
6
6
3
3
3
3
4
1
4
6
6
5
4
3
6
5
1
6
8
2
5
7
5
5
5
3
4
7
3
1
4
4
4
3
7
3
5
3
15
9
5
2
5
2
7
5
4
6
7
9
5
7
3
0
7
3
8
2
3
3
4
1
1
2
9
5
6
4
0
5
8
3
7
7
3
5
4
10
6
2
5
4
5
4
7
1
2
6
1
7
6
3
5
9
3
3
3
6
4
4
6
7
3
3
5
4
2
2
7
5
5
9
1
2
6
2
10
5
2
3
8
1
2
6
2
0
5
7
5
5
3
4
6
2
5
8
2
4
4
3
4
1
6
7
5
3
8
8
6
2
2
11
4
11
4
3
5
4
2
3
9
6
2
2
2
5
6
2
5
6
8
5
2
6
5
3
8
4
3
3
4
7
4
11
10
3
7
6
4
10
7
4
4
6
2
5
2
3
8
8
4
4
8
3
3
3
7
7
3
4
5
10
7
5
2
4
4
2
7
2
10
3
3
3
1
3
11
2
5
6
2
3
6
5
4
10
4
3
7
7
6
4
2
7
9
4
4
2
8
2
3
7
1
3
5
3
6
3
3
5
3
1
4
3
9
5
2
3
6
6
3
3
7
5
4
2
2
3
7
5
3
7
7
3
5
5
1
4
3
3
2
4
5
2
4
4
2
3
5
0
0
5
6
4
5
2
7
1
1
3
0
4
4
4
7
5
3
4
3
2
4
3
3
5
4
3
3
3
2
2
1
2
3
3
2
2
2
5
5
3
4
2
2
4
6
1
3
4
3
5
5
1
5
5
1
3
3
2
3
2
5
3
3
2
3
5
3
1
8
7
5
6
5
2
2
6
3
3
4
8
4
2
1
2
5
2
3
4
5
3
4
3
2
9
5
1
3
3
5
3
4
1
2
3
9
3
3
2
6
4
6
3
2
4
1
2
4
4
5
4
2
6
4
5
4
4
4
3
5
1
3
6
4
1
7
3
9
6
3
4
3
4
0
4
3
3
3
5
2
6
7
6
5
2
4
8
7
5
4
8
9
7
7
6
10
10
9
9
9
11
13
18
12
14
25
21
26
25
17
28
31
31
38
29
31
33
37
30
44
31
32
32
30
38
40
41
32
35
33
35
31
42
36
40
43
23
35
38
32
24
25
34
30
22
16
26
30
21
20
6
22
20
15
14
6
7
9
8
12
13
14
4
6
6
4
7
4
7
3
6
3
2
5
2
1
5
4
5
2
1
0
0
2
2
6
1
3
4
0
4
2
5
4
0
3
3
2
5
2
7
4
2
2
1
1
2
3
2
1
3
2
5
2
3
3
0
2
6
1
2
3
7
1
2
2
0
4
1
1
4
1
0
2
1
2
3
3
0
2
0
5
4
2
3
0
1
2
4
0
2
2
2
2
2
1
1
2
3
0
2
1
2
2
2
0
2
2
5
2
0
3
3
5
2
1
2
2
0
1
4
0
1
0
3
1
2
2
0
0
0
3
1
3
0
2
3
2
0
0
1
0
0
2
0
0
1
1
0
1
2
0
0
2
0
2
2
0
0
1
0
1
1
0
0
0
1
1
2
0
1
1
2
1
1
0
1
0
2
1
2
1
0
4
2
0
0
1
2
1
2
1
0
2
3
1
1
0
0
2
0
3
0
1
0
1
2
1
2
0
3
1
1
0
1
0
0
0
2
0
2
1
3
1
0
1
0
0
1
1
1
2
0
1
1
0
1
0
0
0
0
0
3
0
1
0
0
0
1
0
0
1
1
0
1
1
0
1
1
0
3
0
2
2
0
1
1
0
0
0
1
0
2
0
1
0
0
1
1
0
1
3
0
0
0
0
1
0
0
2
0
2
2
0
0
0
0
0
0
2
1
2
1
0
0
0
0
1
0
0
0
0
1
1
2
3
2
3
0
0
1
0
1
2
0
2
0
0
0
1
1
0
0
0
1
2
0
2
1
0
1
0
0
1
1
2
0
1
1
1
1
0
1
2
2
0
3
0
3
0
0
0
2
1
0
3
1
0
2
0
1
2
0
0
1
0
1
1
1
0
0
0
1
0
1
1
0
0
2
1
0
0
0
0
2
2
1
0
0
2
1
2
1
1
1
0
0
1
2
1
0
0
1
1
1
0
1
2
0
1
0
1
0
2
1
0
0
1
0
1
1
3
2
1
0
0
0
0
2
0
1
0
1
1
1
0
0
1
1
0
4
0
0
1
3
0
4
4
0
1
1
0
0
0
1
2
0
3
0
1
1
0
0
2
2
2
0
1
1
0
0
2
1
1
2
1
1
3
1
1
0
1
0
0
0
1
0
1
1
0
2
0
0
3
1
2
0
0
2
2
0
5
0
1
0
1
1
0
0
4
1
1
2
4
3
0
2
3
0
1
2
1
1
0
3
1
1
2
2
2
1
0
2
2
0
0
0
0
4
3
1
2
8
2
3
2
6
3
6
6
8
9
7
7
4
4
12
17
14
12
13
23
18
19
27
21
24
19
25
27
23
41
26
29
29
26
33
31
36
54
31
31
26
31
30
27
23
27
40
42
32
26
29
36
24
35
23
14
20
20
13
14
16
14
15
9
18
10
13
9
11
6
4
9
8
2
8
5
1
4
5
2
4
2
4
3
1
2
1
1
3
4
4
0
1
2
0
0
0
0
2
0
1
1
3
0
1
1
1
2
1
0
1
1
0
1
1
0
1
1
1
0
1
1
0
0
0
2
0
3
2
0
0
0
1
0
2
0
1
2
0
0
1
0
3
0
0
0
0
0
2
1
0
0
1
0
1
0
0
0
0
1
0
0
0
0
2
1
1
0
0
0
0
0
0
1
0
1
1
1
0
2
0
0
1
1
0
2
0
0
0
1
0
0
0
2
0
0
0
0
1
0
0
1
0
1
0
0
0
0
1
0
1
0
0
0
0
0
0
0
0
1
1
0
1
0
0
0
1
3
1
0
0
0
0
0
0
0
0
0
1
0
0
1
0
0
0
0
0
0
0
0
0
0
0
0
0
0
0
0
0
0
0
0
0
0
0
0
0
0
0
0
0
0
0
0
0
0
0
0
0
0
1
0
0
0
0
0
1
0
0
0
0
0
0
0
0
0
0
0
0
0
0
0
0
0
0
0
0
0
1
0
0
0
0
0
0
1
0
0
0
0
0
0
0
0
0
0
0
0
0
0
1
0
0
0
0
0
0
0
0
0
0
1
0
0
0
0
0
0
0
0
0
0
0
0
0
0
0
0
0
1
0
0
0
0
0
0
0
0
0
0
0
0
0
0
0
0
0
0
0
0
0
0
0
0
1
1
0
0
0
0
0
0
0
0
0
0
0
0
0
0
1
0
0
0
0
0
0
0
0
0
0
0
1
0
0
0
0
0
0
0
0
0
0
0
0
0
0
0
0
0
0
0
0
0
0
1
0
0
0
1
0
0
0
0
0
1
0
0
0
0
0
0
0
0
0
0
0
0
0
0
0
0
0
0
0
0
0
0
0
0
0
0
0
0
0
0
0
0
0
0
0
0
0
0
0
0
0
0
0
0
0
0
0
0
0
0
0
0
0
0
0
0
0
0
0
0
0
0
0
0
0
0
0
0
0
0
0
1
0
0
0
0
0
0
0
0
0
0
0
0
0
0
0
0
0
0
0
1
0
0
0
0
0
0
0
0
0
0
0
0
0
0
0
0
0
0
0
1
0
0
0
0
0
0
0
0
0
0
0
1
0
0
0
0
0
0
0
0
0
0
1
0
0
0
0
0
0
0
0
0
0
0
0
0
0
0
0
0
0
0
0
0
0
0
0
0
0
0
0
0
0
0
0
0
0
0
0
0
0
0
0
0
0
0
0
0
0
0
0
0
0
0
0
0
0
0
0
1
0
0
0
0
0
0
1
0
0
0
0
0
0
0
0
0
0
0
0
0
0
0
1
0
0
0
0
0
0
0
0
0
0
0
0
0
0
0
0
0
0
0
0
0
0
0
0
0
1
0
1
0
0
0
0
0
0
0
0
0
0
0
0
0
0
0
0
0
0
0
0
0
0
0
0
0
0
0
0
0
0
0
0
0
0
0
0
0
0
0
0
0
0
0
0
0
0
0
0
0
0
0
0
0
0
0
0
0
0
0
0
0
0
0
0
0
0
0
0
0
0
0
0
0
0
1
0
0
0
0
0
0
0
0
0
0
0
0
0
0
0
0
0
0
0
0
0
1
0
0
0
0
0
0
0
0
0
0
0
0
0
0
0
0
0
0
0
0
0
0
1
0
0
0
0
0
1
0
1
0
0
0
0
0
0
0
0
0
0
0
0
1
0
0
0
0
0
0
0
0
0
0
0
0
1
0
0
0
0
0
0
0
0
0
0
0
0
0
0
0
0
0
0
0
0
0
0
0
0
0
1
0
0
0
0
0
0
0
0
0
0
0
0
1
0
0
0
0
0
0
0
0
0
0
0
0
0
1
0
0
0
0
0
0
0
0
0
0
0
0
0
0
0
0
0
0
1
0
0
0
0
0
1
0
0
0
0
0
0
0
0
0
0
0
0
0
0
0
0
0
0
0
0
0
0
0
0
0
0
0
0
0
0
0
0
0
0
0
0
0
0
0
0
0
0
0
0
0
0
0
0
1
0
0
0
0
0
0
0
0
0
0
0
0
0
0
0
0
0
0
0
0
0
0
0
0
0
0
0
0
0
0
0
0
0
0
0
0
0
0
0
0
0
0
0
0
0
0
0
0
0
0
0
0
0
0
0
0
0
0
0
0
0
0
0
0
0
0
0
0
0
0
0
0
0
0
0
0
0
0
0
0
0
0
0
0
0
0
0
1
0
0
0
0
0
0
0
0
0
0
0
0
0
0
0
0
0
0
0
0
0
0
0
0
0
0
0
0
0
0
0
0
0
0
0
0
1
0
0
0
0
0
0
0
0
0
0
0
0
0
0
0
0
0
0
0
0
0
0
0
0
0
0
0
1
0
0
0
0
0
0
0
0
0
0
0
0
0
0
0
0
0
0
0
0
0
0
0
0
0
0
0
0
0
0
0
0
0
0
0
0
0
0
0
0
0
0
0
1
0
0
0
0
0
0
0
0
0
0
0
0
0
0
0
1
0
0
0
0
1
0
0
0
0
0
0
0
0
0
0
0
0
0
0
0
0
0
0
0
0
1
0
0
0
0
0
0
0
0
0
0
0
0
0
0
0
0
0
0
0
0
0
0
0
0
0
0
0
0
0
0
0
0
0
0
0
0
0
0
0
0
0
0
0
0
0
0
0
0
0
0
0
0
0
0
0
0
0
0
0
0
0
0
0
0
0
0
0
0
0
0
0
0
0
0
0
0
0
0
0
0
0
0
0
0
0
0
0
0
0
0
0
0
0
0
0
0
0
1
0
0
0
0
0
0
0
0
0
0
0
0
0
0
0
0
0
0
1
0
0
0
0
0
0
0
0
0
0
0
0
0
0
0
0
0
0
0
0
0
0
0
0
0
0
0
0
0
0
0
0
0
0
0
0
0
0
0
0
0
0
0
0
0
0
0
0
0
0
0
0
0
0
0
0
0
0
0
0
0
0
0
0
0
0
0
0
0
0
0
0
0
0
0
0
0
0
0
0
0
0
0
0
0
0
0
0
0
0
0
0
0
0
0
0
0
0
0
0
0
0
0
0
0
0
0
0
0
0
0
0
0
0
0
0
0
0
0
0
0
0
0
1
0
0
0
0
0
0
0
0
0
0
0
0
0
0
0
0
0
0
0
0
0
0
0
0
0
0
0
0
0
0
0
0
0
0
0
0
0
0
0
0
0
0
0
0
0
0
0
0
0
0
0
0
0
0
0
0
0
0
0
0
0
0
0
0
0
0
0
0
0
0
1
0
0
0
0
1
0
0
0
0
0
0
0
0
0
0
0
0
0
0
0
0
0
0
0
0
0
0
0
0
0
1
0
0
0
0
0
0
0
0
0
0
0
0
0
1
0
0
0
0
0
0
0
0
0
0
0
0
0
0
0
0
0
0
0
0
0
0
0
0
0
0
0
0
0
0
0
0
0
0
0
0
0
0
0
0
0
0
0
0
0
0
0
0
0
0
0
0
0
0
0
0
0
0
0
0
1
0
0
0
0
0
0
0
0
0
0
0
0
0
0
0
0
0
0
0
0
0
0
0
0
0
0
0
0
0
0
0
0
0
0
0
0
0
0
0
0
0
0
0
0
0
0
0
0
0
0
0
0
0
0
0
0
0
0
0
0
0
0
0
0
0
0
0
0
0
0
0
0
0
0
0
0
0
0
0
1
0
0
0
0
0
0
0
0
0
0
0
0
0
0
0
0
0
0
0
0
0
0
0
1
0
0
0
0
0
0
0
0
0
0
0
0
0
0
0
0
0
0
0
0
0
0
0
0
0
0
0
0
0
0
0
0
0
0
0
0
0
0
0
0
1
0
0
0
0
0
0
0
0
0
0
0
0
0
0
0
0
0
0
0
0
0
0
0
0
1
0
0
0
0
0
0
0
0
0
0
0
0
0
0
0
0
0
0
0
0
0
0
0
0
0
0
0
0
0
0
0
0
0
0
0
0
0
0
0
0
0
0
0
0
0
0
0
0
0
0
0
0
0
0
0
0
0
0
0
0
0
0
0
0
0
0
0
0
0
0
0
0
0
0
0
0
0
0
0
0
0
0
0
0
0
0
0
0
0
0
0
0
0
0
0
0
0
0
0
0
0
0
0
0
0
0
0
0
0
0
0
0
0
0
0
0
0
0
0
0
0
0
1
0
0
0
0
0
0
0
0
0
0
0
0
0
0
0
0
0
0
0
0
0
0
0
0
0
0
0
0
0
0
0
0
0
0
0
0
0
0
0
0
0
0
0
0
0
0
0
0
0
0
0
0
0
0
0
0
0
0
0
0
0
0
0
0
0
0
0
0
0
0
0
0
0
0
0
0
0
0
0
0
0
0
0
0
0
0
0
0
0
0
0
0
0
0
0
0
0
0
0
0
0
0
0
0
0
0
0
0
0
0
0
0
0
0
0
0
0
0
0
0
0
0
0
0
0
0
0
0
0
0
0
0
0
0
0
0
0
0
0
0
0
0
0
0
0
0
0
0
0
0
0
0
0
0
0
0
0
0
0
0
0
0
0
0
0
0
0
0
0
0
0
0
0
0
0
0
0
0
0
0
0
1
0
0
0
0
0
0
0
0
0
0
0
0
0
0
0
0
0
0
0
0
0
0
0
0
0
0
0
0
0
0
0
0
0
0
0
0
0
0
0
0
0
0
0
0
0
0
0
0
0
0
0
0
0
0
0
0
0
0
0
0
0
0
0
0
0
0
0
0
0
0
0
0
0
0
0
0
0
0
0
0
0
0
0
0
0
0
0
0
0
0
0
0
0
0
0
0
0
0
0
0
0
0
0
0
0
0
0
0
0
0
0
0
0
0
0
0
0
0
0
0
0
0
0
0
0
0
0
0
0
0
0
0
0
0
0
0
0
0
0
0
0
0
0
0
0
0
0
0
0
0
0
0
0
0
0
0
0
0
0
0
0
0
0
0
0
0
0
0
0
0
0
0
0
0
0
0
0
0
0
0
0
0
0
0
0
0
0
0
0
0
0
0
0
0
0
0
0
0
0
0
0
0
0
0
0
0
0
0
0
0
0
0
0
0
0
0
0
0
0
0
0
0
0
0
0
0
0
0
0
0
1
0
0
0
0
0
0
0
0
0
0
0
0
0
0
0
0
0
0
0
0
0
0
0
0
0
0
0
0
1
0
0
0
0
0
0
0
0
0
0
0
0
0
0
0
0
0
0
0
0
0
0
0
0
0
0
0
0
0
0
0
0
0
0
0
0
0
0
0
0
0
0
0
0
0
0
0
0
0
0
0
0
0
0
0
0
0
0
0
0
0
0
0
0
0
0
0
0
0
0
0
0
0
0
1
0
0
0
0
0
0
1
0
0
0
0
0
0
0
0
0
0
0
0
0
0
0
0
0
0
0
0
0
0
0
0
0
0
0
0
0
0
0
0
0
0
0
0
0
0
0
0
0
0
0
0
1
0
0
0
0
0
0
1
0
0
0
0
0
0
0
0
0
0
0
0
0
0
0
0
0
0
0
0
0
0
0
0
0
0
0
0
0
0
0
0
0
0
0
0
0
0
0
0
0
0
0
0
0
0
0
0
0
0
0
0
0
0
0
0
0
0
0
0
0
0
0
0
0
0
0
0
0
0
0
0
0
0
0
0
0
0
0
0
0
0
0
0
0
0
0
0
0
0
0
0
0
0
0
0
0
0
0
1
0
0
0
0
0
0
0
0
0
0
0
0
0
0
0
0
0
0
0
0
0
0
0
0
0
0
0
0
1
0
0
0
0
0
0
0
0
0
0
0
0
0
0
0
0
0
0
0
0
0
0
0
0
0
0
0
0
0
0
0
0
0
0
0
0
0
0
0
0
0
0
0
0
0
0
0
0
0
0
0
0
0
0
0
0
0
0
0
0
0
0
0
0
0
0
0
0
0
0
1
0
0
0
0
0
0
0
0
0
0
0
0
0
0
0
0
0
0
0
0
0
0
0
0
0
0
0
0
0
0
0
0
0
0
0
0
0
0
0
0
0
0
0
0
0
0
0
0
0
0
0
0
0
0
0
0
0
0
0
0
0
0
0
0
0
0
0
0
0
0
0
0
0
0
0
0
0
0
0
0
0
0
0
0
0
0
0
0
0
0
0
0
0
0
0
0
0
0
0
0
0
0
0
0
0
0
0
0
1
0
0
0
0
0
0
0
0
0
0
0
0
0
0
0
0
0
0
0
0
0
0
0
0
0
0
0
0
0
0
0
0
0
0
0
0
0
0
0
0
0
0
0
0
0
0
0
0
0
0
0
0
0
0
0
0
0
0
0
0
0
0
0
0
0
0
0
0
0
0
0
0
0
0
0
0
0
0
0
0
0
0
0
0
0
0
0
0
0
0
0
0
0
0
0
0
0
0
0
0
0
0
0
0
0
0
0
0
0
0
0
0
0
0
0
0
0
0
0
0
0
0
0
0
0
0
0
0
0
0
0
0
0
0
0
0
0
0
0
0
0
0
0
0
0
0
0
0
0
0
0
0
0
0
0
0
0
0
0
0
0
0
0
0
0
0
0
0
0
0
0
0
0
0
0
0
0
0
0
0
0
0
0
0
0
0
0
0
0
0
0
0
0
0
0
0
0
0
0
0
0
0
0
0
0
0
0
0
0
0
0
0
0
0
0
0
0
0
0
0
0
0